$ANSIBLE_VAULT;1.1;AES256
64363132323261656330346538323563623962303831636339383765343632396262316665666366
6364333836383038366465323235643262626433313466660a326239336136316333373264386339
36626630376530633935366633363865353539383466373432386435633266663130633365363332
3465316362383466650a646333386461653864643438646532643931616139356662323862663134
36646262346139383637656431366437616438623063356538373463663430643836363234373531
39613339396433613964336439376635383165303663383033663239666264663730643932376539
34663739613565343336666538656534306332393139323431646539386163396638623937303230
36663933653163346539396563336436356361326635316339383866363839663533366666356666
34633331386237353133323130356133303933386665323739376632386136303266346538356665
32313934313536366533666561626366356534343861313061643630383935653135646663656336
38663830373531313732323062366633623131616530323738636432326132663838633466343234
62353433343162313635313532643535303938656562653966393666396535616638363266616664
38383033613639356533653230313130363831353565373264663638306664323166386362396332
39653962316338313433343462623238363539343365366430383365636265326164393438616238
39663134346334316534366538663436326464373962343039323066636639316361646632333831
36633135383230663835323832383663666663323661323466386430393233326438316330326335
30333662613464616364353961353035366439326262383930653035336162343432653365623138
35663831333432353766346332633934313537373037376139333834383335633366326663313965
65633536366666373236666566373765383034383964616330383231656637383539303466653064
66643331636438643035393536626462663064326364366135643363646236333638376239643134
62646331306266313931306166616439306434383962376434323264326663653538663635333536
35336431663663613661333334306235323037616631343238393665376165346439363563363830
32303564633038383766633063643336643432316332356234393531316536653737326662613364
39333566346465393130636535383266343430343363663837666235653161376465626366363930
39313539643463613961323034353431656165636263306331653334306639306561636561393333
63323438333235623337623037373034643864333531636534376239643432376466343836626364
62303638626433373739376361656632646232393739653763306639393035643563356637306438
62383562363833313532323666386438396530616536616463383336613266376136623166353334
35633162316135356162313836643032643239636533323566663436623861663065326337343764
32396130333234306564626338356136303930303730393637353836356130303936356465623038
33626163333561613037313063633661656334616435646462393833643638636463333237393930
35356331373834393038643763346236343938366437346265323235373730626532653363336531
31643835663439303634326330336239623537333833326265383465396531336565663631626163
39313662623530306334643637383963613663393131313664653932643361333161356563356166
36323733303336353565343230383232303466393264613165363564316336393165656135383465
66313130363366366361346663396332623934346662333239663132313961316237396531326265
66613339343539366531633536643262373061666239663633613734313633353735393934346535
64636533383762656463636533336436633733336237656430313432663131653735666231666535
37653632343337366332383633623732363037323334386362666630653636656262623963343735
36376333343939303134666534376238323230343436656630613337333636633132656263313534
32633531393236396462353736386436356564373765303464353762626666636330343832383938
63316331326635626463616130656430623033396464386436623762366136656338383230636438
39626266393434656236653638646436303235343530343137346431326162333932643230356339
30333236343934313338316162626532616562386330336634643535313236333664626263376264
30613432646330333133633263393034393633633764616362616162306334323730393735663833
39643837393735313733373638306630653163663333383031663561623739343030323132363939
63636164363033336136346539646364663564306435313163633463643963373838643839623064
31666366306132303237646432366135643337343933336237376230663234633864373966316432
38623763623163623031333936613133323936306336656264323336323436643536646439653736
62653539396132643036663362336263346330666630366562656135633264623735366461373861
38366366306663363536623930373136623237363165393433363137333731633234623361643234
64396336623263323261356431393063333963373232386161663665653732626337323737636531
34363866663835393963646366663366373338316538646335343531373436313334636262393634
64333631396538393062663237666364346238313363333565656332346437303262393163346665
35376236616661623761336163346132636435663431343963313335623064663966393631366433
63333432376562346163666365333230656165343839626336333030383938376536666465316131
65303334336632313532376539633630323663373561363562663830316138393133613638643835
66346133303535346333323166663237303938636635303636363861393333633932663762343130
63613238383438323531316632636266653232343161393734336530346332306163643530663432
38356335323433386430663764623062653836343734376336653230356261363139613639356166
30323134366632306630326162613564303339646536643565303161393761353730353666363262
38343363323032333863313230613232373530316137376261346633336466393265333462386237
39323663663931343261643532313534316165346563316164626238326565363436386363653031
63643832333839653938333065393438633265616432383439376232663062326136353661323066
66343963633139363466653531343633343838626263613061306665343830666236383033326531
31386538363564633839653038383532306437666464626264653630303361346463396530386638
34333664633535393837316336323863336637623263333139616536356136643931366137346463
39323031656466356435636431343432646433636635666466373032353062393635663638636434
62376564636530633965636634363365323262303132383336396562396631666265323232653539
31653739376261363631303831303835633461306536326133323564333866343538643035306466
32326430633365353531346263633933303532313932653862643536373762373461643761613463
36393164343530366335323766313564613063306665343538343839633835336563303765303034
33396135383966386162633562633034383834353131306532613962393165613365366635386335
66646238663864373261643766316461323762353161666439343838346662386133653438623434
62373865373437666166666562386531383563613332303836353234653866346361356565333263
33643233346234393138373936616635616531383133323262653561343438326335333566646136
36663563623361373631636162363632386232343238366361386561346136353333663338393662
38656138336431356134613236613639653964343232336434316266356266353262303130346434
66383036366436643934356563303837336464653131316438336635363766366664633561353938
64323037366561626532333933626638363965363639356162623835326232353437643039313836
33306634623161363835643938666165393130373734353531376132626666636164346433346362
34393165313734346231346364373935626362616461323566636537323465363861613264393333
62363539383338373366373164326635663638656631636430333234336165613964343236363130
38343633623238373537643935636637623732656531303535346561353938303063393865323538
39643764376539376439666465666532656336343565323436616665313661663331326533653134
32313032313063396634306333323430613063313136303930646261303366393139313931613865
34633333383465393633623933353237653863373764316662666234363766626364616231386336
33656430306635646164613035626363366536626361306531386365633961633863623932663438
63346461323135323831373665656334636463616234666533613566643635323365363334393335
35376536303138353263663762623166386234356437376561366532653132666432303937333261
34363331336234333236643732333137346232373264376430323139633764333530313237316534
62626138343364336130663265373433396531626561323665353262386431623864303166356531
62383163356135303930373133343537633136333465636662313337366233353561616435386538
36313531326138366631303333633863323033656239633764313439303964386436393066623334
62643039393339336534316263386439613332643630333034343831313831656366613265343235
38383366303564333639383831326534373930356162663165313835363136343834616434626235
66373039623465646539306137613266336435613638663834316239326434336130333833393261
31316330353264373631373830326236613964623039376630623566383837393435633235336437
65633332666164323633646166323966623065633532393164323064626231653164303061613763
32633734303134343936626464316235643139623038663138356234353266393434323235623833
32663733623832393832633166343935366566333961383832353436353636626232313836383062
32396439386635356431313066623135336235393734666335386634653539336130633533383662
35313833613063313065363435386463366637646264643066303064376562613766643436326639
37626635316663633436343164393632336339376138323933323563363636346432363265353538
33643135343266353662613661653931353036353432366361333034616633343465386364323861
32373165663431363030376537613539633838383632353366303964656562326362623633653563
61343264383235336162313431393333653664613235386664386362353062666136356239333934
30613635373764636535633035666332616532353764653835373363323332316238613833656366
36323030656635383764393730373661373564363238646564343536653836333037393661313634
32643730316536633139373662613533653338376338633732646438376231393266666463633433
39616432623865623839363135373630393539623332663764363731653332376565346238643134
36343034653161333366306537396161383366643332343066653163366336663736373139303362
63356337623066363732393261616262613139613932383538383233396662373634346539623564
35303761633639643431643164313135373862653435316534653238306639333935353035633964
32313265623035373562363863653235613337613463636465656335373230626536623034383933
38353536353664333231633261613530313539376263306463626330353130303831376538303438
32386366393162616633663336303666363162353636316562346565623130396432626161326332
62643639636462646563366235353731616633316461343162333662656237623634333033333433
39323136633166653335343637656135333539323531646636643039616236313164346232336231
39653330323434303464623062623761363437646432343266613034376636356235643561393139
32626234643731343632353163653839616633336335616337343236653038663031616431333633
39646634663036326333623862623631303432326265666430646632646261646631316463316338
38356466653366383366636165313330363465633932393532323831336265376136613437323234
30383830663163323338343762303334316630633661383834326331666135646531653564636666
34646632356133343431306233363738363932333435393538666261646333376664646532633030
34363430353337626438323266323235343834303731613633376163383834386435386331653337
31316638653237316436366231646638666463306336616464646438356535613861326435373532
33653364393434646537643663303561363666386633393862303064313935373363363435383862
38343633363031306363373934623737656536323837653337336666336564386330303339313736
30646335363436626362326637313333336261376164303138663139633564343630643164623338
66353562613362306665353730313764313234653136666662636636333565313564643466366336
65613737396261633264326361656234353335613765376561643963653237633934343939643738
62386333646662386439656665353438626662666631633736626239373365643761333434643765
38396661643136636161316132313861646631373830333332633937646133373437346239623337
36303863626330663861313365386235333135613766366338343365306335656162303830393766
62653930386137333163653732613332613661613431643363356333356139336632636439353331
61316539316230326132613437666362636333363432326565353465393834663034333661356430
36623838616664313365376366373538663135353632643835373665376162343035326538316436
32333634366336356333323461623062646464656239633664313463336332353539623630643861
35356265663965303738346330613166636634356633613930396536353963353830393739623136
30363236396661383731623833376265646564613339373139303330616637663862383436653130
62363931623237313837653366613561663032393164303431346266623165353339653965393630
30386164316266643333646237333039623864356237663765393262343935383662633934393162
31623233353866323566363765386139313232393535303662656134303630376530333736313435
66303138663866343662623865653537376132303930663432613638643839303936373766393063
66343831383061616233393037616232373738393263366332336531643039353439363736376237
34656238316262376134323631656434396135656164383861393564636363303932396661326639
39376238626265396264383163613039616364613166303133663262616238643030333563666665
65383233363637393162396465623565653866653466316134643434636364616461343031626636
33663037656566313537366637303662346638306339643832616165633237366264366366316161
37643933336131623339366630316531623136646133626462653263666565336361636439646266
32316465646464366664623365333835336432303337393237343931663161386566653731653364
63333864623363376334376539303637636565396331613565393537303262623339333163663636
38373664323332636630366633333737323631383861306631303431386663616564666365656137
62383966313464363437636362313831393837613861303263643839316335363764393866646535
33666334393134336432386432393532313636613864633531373639663465343436323462666433
30663939373638343632346161383863383466613465303438343233326437313734396236333635
31633231333538376438633139343638386436313165323363336265373836646632393336333031
65383537663964396530333631383434396465643734363764376166643538626237343831396235
36656361383530393334626230346534353964383263646433623663613331663830333734656131
31393136623137353035633235386166323833613763633462303164386366646430666233623439
35313236393165343035653063653137346465623230643632663963316337313463383165366161
38616539663362656262363632373537306437633937346261646364636464613265353331323162
31653133613035623639306431623666653066373938363564663835636438343433316131383361
37303765626532383938326334353065316537643038353266396164393161613866376264343363
31633735613566666539303837346536316464366230616535386564336466363834363661623432
38363736633132363036333535383636386331313361636262353161336334623632313936333564
33636532366464333039656163626664663530383862373838333264663961316564626137353635
66626138623830633966663536343564343032343733326361393565383661333133303135363330
37316130356132316135366639306439333361383232396162306539646230626230363762303562
31613664303334353336346134656434343662353332653633323930313133366364303839343930
34633332306262633638326636393234653938623562376639376366393766636334663264326432
32373137366538613061333565376231613438323432303037336334663534303732333761306439
33636138613235306138336366323662386230643430353837663130353439653430313837383534
63386230313234303930666463633839306664623031666463363962643537306236636266663562
36653438333161333363373064633361663939396662313132623165336662633232306164386233
34613132613464643966653164323536363736636533373131396164313335313435323439373562
66623966343435393439616536623138343264393830653435303935393864346666323664323666
36616362356130383736353336316561336139316262636439396634313536663862366262626131
65366439363938333733303935313663656537663262353030343863646330343030316462393432
33653664356364616537653536643932396465666661356432633333363030623334633037643038
66626531343930313438323963363265353266613635306163653665626637636333663230633264
65306532386133653566373736383266656236626162636461633566643261343734646462663134
30366132646333396632366638663938376136376533313432396338373634306430353664343339
33643365656635366334343665353566323563333537336236376334653831383437386163383137
63303363396535366633386463353236383330653430313564653761613163356562366663656661
38333938356462346265323735373730376233316131656532353838383535616330333561633861
35633933643530643039373431613234386633363066396561643733383039663235323131303931
30303161633530306363336239383139383962366562356262393365346534396464396236373364
39613733396437323436323939353036656531613765343337393738343931386337343430373439
30336435303931313563656432333233373361646634636465306636663435386532323233303163
39313739376532343862326430326534393137616233653936333238366539623233633030343130
30656366626262616634613731633766313462643163343730343830303362356530336337306633
65613137653463396264653065626135376562333235343431353331656538306637303662663530
33626435333862616365303830363730383938636637313431623364356236623665343634656634
37356466396161333838393662653239343139343334363237316634303434656231643635613338
33393663333133313061323030653931303162383539633162343931313230336138346336306266
31663035643337393361316134643161393365663035393466343931633839393431636634623736
38326235333135366430663561633662306137663333346532656463393037396465303638356532
62616236353735633562666361383239656533333535353236626561373535383438306630323863
63326632646231343234663335313665393362373865653962666433356563393038646235343661
64323239643265326237366664626362353933326461653733656434303933393465356462323161
61356464633736636236663265373035393231373766333138653161353963393666343136366531
30383361396661666530323363373736393436656634376139633338363866313465373162323234
34663162616666363338363161383839363835323533623362393665383032376564356363353236
33343931626162353536386164623563313461346463643036353439363930353038343464653636
34623130643561633436306533633666356565396435346337643961393532613632396138363634
32313863376565343836626230363064656435646238633465343962363665633133353833626137
37393161643263303539393763636334373439666566376636363830333239303135306439363837
31653964393533356662666433396138386233636232336236363634393535653466643232633439
37306162646530343634393435373630313439366364646665626535346164303534333864313164
36323962303138303066306662646333356364346332353533623635646435326465616139356534
63383134343666373334316237663935653034393632346666653837666332383262316133383230
65643933303634333461653962393531623430646431653465623065313931626566333632346137
35633861663166333435303732316637616366356133383665303834363761373235356337376333
38343637353464663834663964393636363866313362656466353963613565656338343062323738
64353034363433383831343638633034303065663664323530353838383262313931323733333633
66316637643238326339656139633336636330393037653235346132633630363661656461323531
36386431306137386663326335356136343164316431323565333734333338313534613937656464
65666139343665626236313032383732636633626534383663336633343436636661353332633831
31393231353733613738643233623132633437353435656539353037616566633636396337626630
63366231666364396339386535363265613831633939313538336435653139613133383963396139
64313231373831653034313131353539373134633139313961666166633636353166323562336634
34663265633061626366643437373762323437333161653037313864326366643034653131343463
36356234356139663765613861373034386364303535393738653636616131393866393366666138
30333766303161663366326263376632376435626536363434663230303933313933623235343734
35323638313164636335656336623135393432326361663136333036623634623337336638303939
65633136336532336465313032353063383865313866313434633932613739316565616135393635
32303161623463623333626430376130323331626438326539663135643231623566343365333662
66643065346533666162323763303365323631303565373830383565386331386435363830323236
62623966643961346262306466643165376538633838626162306562626161633435343363356461
62313164633235303930393137383337323964623932646631623233373666363663336236386231
33343536376233653236323838656365343438663661646664666361376236653766326462636231
37666233393735363139356332666435393836616635313537326366313863386436313830633831
31613039643461326534626236303130393763303562616265376165646339383636636339646239
36613563656561303136646362356131646533363432626665626137353863336232333530393337
63396231643862313934396439623163346533343936346638303636633733303931633636653337
64376434313961323833376264656361303434353131363237366663303164326364633931336532
66306436376131626230313264643666666232303466303933633638623537623033333731353532
63396162396133663862386230613132623132356663643738613134323661326434366633323532
65336333626637363032313733386161323434653761383866663164373463623731316532343133
39303261616531663237613236316331356230616438316563333039363464623736366262383164
62323339303663396331323365653037356463663661663037343936666161346339303630343137
38343161326434363161393161396338373766663764303630346466353264613332333930306665
35316137636265363236363033333139366663333332623963323637353139383163636435393562
38313166363837663865346136376266633638383335326665393137396230646235316564316430
66316664316266323962323534646231363361303331353638666435653839373338316637383864
66396363663836663332616337316465323032353363666632373932656333616134303038376632
31613737336532323937336364383434313061316466663636306230663631323435396461653731
31323863343133663831393835353561646364616462336632313162393331643265626237323533
37613136386462363339366430373738306630306535353534653462303761356262386639323137
61326637373737343238356366343632313332643536323262386232393239306331383763386532
31343731383135636263346232363139616237323864643966343862353165353066363334316533
32306463623033653261383563313864376439316233616438643036396161316266336434366663
34613761373439386237366463306263396230306462313134313965623566326663613464613132
37383038623263653932343130646231616131383037306636383033653938613739623037613532
62313334653136346632663130333166363238363162336338333635333635633537313636623561
33396337626334663239653765396234643130306437323134343731323230613533303131646238
35666137306465303733313966393536616165353730336235353939373931316664643734336564
37356233306464663266613661643461633937636333363363643462616239353365643634653935
37393663343666306630613839393661666238316132373866376439396535393039303834663736
32393137306537366638393435653763386262306435396537313961366534356639373763616430
34653736656264326262356638626433326361666434636265393763396465376139633030393437
31346461396535656535336137343365396666666536653862613561623865326533323834656466
64363334313963666235393135316662613935343833663436313161353137393663633739643765
39626562663232643463653166346530636631623338306335663563346139316233333132626137
33363439303034336234323532336661333233373366323565656237373564316530373038653763
37623832356538343738643739363464623630633539633630366135623639353239386438306534
61353830353231646634326166323332643237303863333531643633313463356363653034383562
35663866396166333939353133373736316632393435363136373032336665643331336631346132
31336331323462663231306538353630663961626435323339663034316130353461623533343731
65643939343130626235393631333364666266366566343461306538323466663037343739616433
64613330303633323933343062323362306133636439613837663537313130306166323534343831
61663139333865393836393462633139643536353533383736383964383039643461303465613431
32313735376431383531383462643266386263663832643330396233623536386437663038346165
66616262356530343036363137306464323335666566336666336465623665633330316639643632
66656562333930376564356262393132313663333734393461666335356637373165663833623236
35613465633138343662653864653262336663323630643963353737363034306265333866326462
63666230353635333331316531333334333564343832663831313336313637383766623839313465
63333139623731363233643535643262316262383839343633666366376539643139373061613638
64613830396334373132383432363161316631646135303231333663626566663730336666353230
66643434306438626164663636323839626365633161323236356638643632663730636638363031
36326562306138333239383632393332646639333538393462323232396234643631363539616632
37356133303965343832623938353134613439653963323366633532383365626164303538353565
36376666656331313863646137326330396436386534383438343135386363333235316165366165
35643834623765303364633032626135643333353038393836346431313534343161663231316265
35313161326434373335633835353563343666666266323534653936343039303137353466383230
33643734363336656132306262396537646633396531393933643764303638356432343463373236
38626461626462663162306436626231306363643534373130333930646662336565366163333939
31343437636363616131666131616239303338343361306262393730623230323639383461376565
34613534383562616337316139663265366561353438613961623639343432383333333362613331
64333735333532653933326663613363653731653964333032336139366337306335346166653064
38643463393438306536643231396330626138333439343864356633663431623666303938393333
62666161323135376266666134373761343861323035636133643738613539366662343437636336
64616231353731336232303163383837336163396438636362353661643737373931346339636463
61336531333066653036653638643433346465353538313462303736666363363431336562313130
61646139656437343166336465346231303164373539333961303565326633383064613637613833
35366361316663303766343561663030336232313132333035383033306630373435663664343662
39383162643732643138643438643237376134353066616539626337323434373838313066323366
39616235386331386535656239343364386635623061383461356532313836396166616661663731
33363438383334666364323632333862356364376635323462626133656135666266616639336263
30316230666231316163396661323265363932383365383437613230353835323730646233663436
306563616434633731366534346630646534
