$ANSIBLE_VAULT;1.1;AES256
64656466633937393734313364333635616339356639306562323662353163386330306563643065
3330633634353537656261353165326231333234323537370a376565356465633062396330383439
33383131626336646161336239633031613231346336623665653539356434303536393862613634
3363613664313530380a626336336139636335643335663535663961643362663431363538643039
38623539616438373362303963666333663835393432343661393338306434356466663539393033
61363463396539646665356233656631373837663762383363343363393335373863653962373939
32623532663536366664363236353537663139383831386231663934643533663834363165613534
66343435323134623063623833336537333261613064643665313366646530643135643033393664
33306338323264343664303364633866383338306538633163356464666361626362623066343933
61316163623064663765653364623534653633313337343462383631313334353066373834376164
32393931643738653861653537623834373366373362663834313436336239376638316131306234
35666263653131636430623730393262303337356238626165663230303336656538323239366634
38666166333164396137383732663430363763343365313537636432663035383961343166623464
65383163643137346661313336343930353533363730643635636465616265333661616636646565
62633831396564386262306136623865623134376137363463626137366432333161343337326665
62643961303535323339353639316138366239386266626331386631393461646566316338613062
39383238336336363039303936363335396532363835613964626532396265316533653031653865
32366435616263656639373639353939646364366163313466353130343865383662643566393534
65643735366537356630396137303133393663396238383237353963316662396335653535643634
33656130376137353831623861323333376636353664303835623233633439636162613662386337
66653661643738366238353161306261376362396163643735356338323566363665646661643964
34613239336163633633313837643632626364653561333966323334633764303335303963616564
39656337633536626466316434353764393237373233386433313435646662616530343635346637
37353637353864326339383266386464643063616536316136343130396138326230616230356134
38356537616539323832633166366531393330666633623764383662346239306561356661383631
61656637636163623662386335323463623862323961356136626665346364386166646432626637
66303866306232646163313237616662643639316266376664383330363332626637343134313430
62656662376234393934636565373535343733383462393965356465626562346166646463613763
64653463643332333831613138656330326630343838303665306538366131336364376465626532
66613866626534663534363035653466326161376635316261303639303935353830626130323136
39663463323337333833663666323630663434633164363333616666326132333334333931373833
61333136303861303135303736316132356263613034383539636138386531646233613762306562
62383263353461366230353539646133613136346235373733333761333862653335643234653035
64316431373136383938656166313266336233333466333137333139363134653766333836666565
65393830613539663464656436343131393563376435613235633332306138353334343530303231
64656664343935336139373833626237623433383537323937366662643165336437646236393831
62346563343234363865626562306539366261623138646239373031613464386566383832626134
66306461373138346233333363373836373437666638613662323863633362396236653034363130
38653835343433323633353262313637623633313261623435386634303461666666613266356130
32646632643865343164333034383664343233653135303232633766343538303361373131323063
34373734643034626339343234373736386136666338643938366331326437313139366132613933
32396261356337653162323031653264396365366564333265356466376339633763653234663838
30363166366561303363356334636235333465663564393239366635396239306364626131373434
63383962646633376161353234333732393663353564613634366661663238316636633162376438
39373566336364343734386330306466616133386539663564323366656337656138343130353031
66343564663965373161353436366563373165343431343762396662366430333930626166646632
64316136646535623665343962633534363734316662656130333465373265303939373531633761
37636265616230393165336638623565366334633036323230656637656537643132343231613535
62373339633132356139316639303633623563663730656436633066663330383635343065663438
36383432373235333433326632613565613030616239343439643632353938306236616233336631
32656536663733303139396135626362333032613661353633306138313765383162366138613434
36653962343962356534323932383262653131343461383737633436383037643930623762363731
39656339656461323039316637363330643531326263656631376562316265383737316231376136
37616265636339303838366163626235626565626666333437633665323533626163303863613530
66363631373139343161383666633937393164373631326465353162633233623034366465386230
31306434393765613166366632326537613535643561613433383036373162333464656436336235
65356331663539333437363934636165386339633937623130616363346237643432663938623032
66336331393466616539653139313734643965616533613532653362353830303636336361313261
32396139393837356462376661613338393732366239376333373333303438333861666365356163
32303830613733346630303762623163353537636635393331353333386635643539616233393435
38633364336234306563386464303564303839376662383635313334656533323239656462396535
33343463363462306265666466393633626639366665626533333436333934353166393238393738
30323466623431626163363839303461303965366130643032623832366637326566346131616162
62356233356233646235633538363762376564353333366130336234313964346466623831663061
33366566346464613562643439303037666632666130373431623133363235383864613638613365
37626264393262363830346663636635373637373762346533636538623238303563346335383533
63643061373965633265646566353735373965396437666562363035616635636463373364353135
37313665363230346335326564656536613932343062623639633932626231613237616364336133
35666437616339333332643434643562303766353639313261313830636133393630393935353361
61636461656136353833323265653832333134373939383930656362396539653439356132616535
32326565316232623266353537363232626238386330353433643565613763346664363661633262
31613434633638393765373736636665616538353035383364636632396636623236663931353265
63336632646337373435306465653834323463616330336231313766356634376636376331313463
36653764396365363865646166363033393639326563646462616539303363383632313263396232
64666361613837626164383530356238653636626536666330326634326362383935643735386661
62336338356632326665346230306633316461373835396635336135333432303962643737303830
31396437626431646436666461373466643566323839666230373634366164653333623035373865
32393839383834626434376632646232613861316433653461303566316632656139633033383631
39393761373834643565373832353936363435666162383334633661666334356438373533323362
31663939653161326266666536363433333064363639373864306265643462376362353366653634
33336631633933363433643439656436356463653033646438396336623237373263373035616533
35366334326530643461396234303133373764326430353236306166663064396463613966653730
66373837313537656234313336663634643335336263626662623765663132386166353561363861
33366633326164343331373137356136653038356461646661653732376362613330333630633537
34353934333535623130656339343763653966643363303937666261353433343063333233386462
36353532336635306537383738326365393063303035633963386531306534373264376261316333
33306439323036356236316665313433633463396164313134333237323839613730346361313934
38356638653836643138656333303861363834373063373837653465343532623030623665636236
66393731396339636235326432663166663264313766616665343232353464396463383336643635
34336238386430393766303035333262336634373730653038343062633939343037393533633238
34373034343735653161316634356336323533613165343861366463326562646139383432353533
65373739306563303634346563353164383161393632636331646235363336613932656537633736
31663338326665653033356165383132616531303861623065383436383365313866373661653731
33313038343866656264646461643137623330643963343266623432306163616264393462393835
31306339346661653534353238333662616430306631366264623136653033643066326339316338
30363637333464306431633965333661646364346334373363663163356365343161663134393435
35386364323933383237306230303736343366623736626164353934633738623232666333613162
39646438613061313162646231376138663739353237643130376665616535356564623662653636
35616562616266343838383431623165663138646232343364383935313832336562346331363034
33633437363439303236323136313763643835353564646134653165623564346332663264303032
66386630633239616537653465363139663933343862383862653531393430373838616563313634
30303861643131616339326465643432396663663961643736393732666134346636653238353564
33626463626632376564396162626136373763393564373165663330323263393839363633373861
63653231346631373830663539353536343434373363616135323061633130393039666562353839
34373338336666306332653737353764386439653735356364653762303131616232643263386136
66613331333531356233336465393037616436303865336330623331373434363330343165393034
62313662653232653330353634316234306566643936373262613832316335636364356564656432
37373762336363646464313639653933333064613031383465323962643939376138656338636230
66633265616132666333653765306264326535616530303533613333663530626230666664386632
32643437646536646265306435333866666637613263303664666565346133303036643134643163
39366136363763313831346331313731653435376636306166393132343136346366663666396164
34343961383430313330623432396161633131316462643663393563343266633063623737663365
61356438323830393066363032353039353564333639366334333131313231326365633865396332
35643461373562316266646534626266333632313033663233366533613365386232396666623964
64623163333465373162373462633163343634376539373132353437616534316361373865383638
33343831356636633839313366336661643138353266393237613834376438386439343134353363
61316265356536626432663737366265303133383663643632336537623065373337616137633637
31303030383164323039343037336336323131663634323837663134373463633164356163623036
34363938333234663538316231636364333634396536623632353963616165336533316463633637
66393165613565303766323539396234663732376435333866636364613838343233616332316135
37616565353436303166613164303836336563376162666638666335393662666664616535303134
36343364613965373435373932343731636136306533613066643865363765373662363762393333
34396161383934356539346138323934373162343534396432333334323530363634306437353533
31333538666564376463323066656163666531613532393137383261373939373731383634643436
62313131326531653837366432656565363936363237366439383035653463376137313936323335
38346566383465643232396366346265663834633364353734333139303464303334623438623933
33373435303936353533653634363836643935656166373464313834653934663365616265623063
33616530373661616232623437373631656631633934383962363963393837633738653961363665
36356463346466623164666464373235363335623034653738646463303561383835356437313231
32633762633339353539323863636362646163666230313738613232316539326237306634613537
64316362396661663135313864663532626263383732323236373136353031306530336137333966
39303231366439646234303837393037613932623932386132636266663039343838626133306465
33643538666361306538333739636331393533353530323937613831303636616261393363653437
33633561303239333734326562643337663165313530643337326433623865386362346232356338
35353736376166666634626563383032653432613366386430613637623065313062363066333663
37666235343732666232383037346238626531643866363366363334646232333539363063636166
61643637343161353835343662633431356264336366646139636363356133393639663261343938
66616566376536616330666435323431386666376435663233663336386331356564363362623039
39346238373734306135336233626637373237383031343664616366376531376132353339666236
61626638643962323534643832366165383362373362333962383734616665396435663066653438
31343466343931623231636630383836663836633330666262663130656236646566613462653665
66376465623830333831663131613033393334343831323862633230353763666164376563346566
35663735343238653934376432336362646565623361393730623866303332346436386239393834
61666337666661383733626165333530663239643364303361356465356166623666396630383037
39346434373836623531373035373830383663633332376437656335623338656332393834383439
32336431653636373032653836623735636563346231333936616461616230383633653266393139
64623866303432616236353033393463303338306563383332643632616139643039393336326464
39343233363932636665333863386264333934353030646538346466626535363461393034373034
36373733343638396163626361353134633936396332656531653037313766396466613131653765
61653037363631643137393635313964613837663136653630613939626262393266303263346533
30336637666430376663383139313633303733303761373836393537623235393366333031333132
36376262633763313934356662373762613537363938336234646335323035636438316139666164
65323666313665616439653831333331353166636663353232633633353637346539343834353964
62393731313063323035623032366337363134323638356661396265616364376533363161386437
65343364643638616435323131626533323564616263393566346431333665313937623931303934
33383761666265646632363165623562373463363333396339303665623636333331383564366137
66353232353937613566343237323964386532656365663839646330383335653864613963636637
34313764323939666666303633613761383362326164303766316238353463643233356564633437
35623561353761616335376130626136326132623437326635346265613463303864323830626565
65633736393430383733643836386130356132313830313061376530326164323632643534373164
64323965313834656664323538643130306439393564643465303465373033656134373166306531
39353831306262366538613630653165623265306461373235353861356364343131323431353534
64666238373635663765633930333339633036303631336662653937353231333765323939633361
66653630646433376665333736623630663935346131333737613065623732343837333431363962
35353436653837386430326431643762333134396161376438343732393065656463613439336462
66386264633662626631666637363037643331636166376230333462336466646132623463376430
65306230383863396530643362366161626432353538633966663734616661336666623539646234
34343432326264646664346534636239623265613835623163306561323338623261343637323631
38373037653064323636313863303838336461623061613733353239643139636233356363626432
32626666646564366534666139643336326437313439323536626436633435633261376466626463
62306566636666313030303965383536306264313831306164343733316435356335343736306662
36383761626339336632653034333236383631343936363432363830396531353966393834386236
38383138313933323164623133313435626331356630636235313263333035616131653636366431
65313232366161373661613662623032636266383061623936396635623336313932346635633532
64656430646639333737366132613033646231306232323630643432386232656132353232313036
62306133316566373033353534396430336332343066373134646336346363303430633036316363
64346262613435356435653630306133356439366462616131346538636530396161353766383364
39333234313165663635366164643239643838303862323565393537653330356366346666366566
35386439656134316130333864343932353936653063313666393264303434626262623761356330
61656562363034333264653361616436633033346263633332643233333038386264333132316464
61636530333639333134623434393164303837343030373936323632626636336438363039616330
38353431653032623363333463353135666331386330373532663331386261373134346661393238
65626136656365333865663938626133303633356430626365643032643139393363646463383935
37343631623036643136313539313832646366386238663039376461363736323362393939643165
63663035323264653037303862613161666436313265633836313338383634653335643462636137
36626666323935346164323430643462656334396334633631666432356661383962633436313665
66393063313630393934323762316566393732393133663935626435323936393031326237353365
33323163373164623634333262383434336533646435653566303138666565653338613531363331
37663831353230316638363930623530373939336561613863333366353962353232313466343064
66626261643535633132323935333433653463336463376465643837646364643434666431636438
35653033376636353164346537616461306466646632353862386236373461353739623461313430
32363332373864656566396436653862646562386663313365653463633737616130663830363335
64373036326662393035333238393261383765333166323639646662633966373434653833376435
32666236333138653261373663366161343566653661326137333339343233363366346362663730
64636663646134386336353566333965613863313933356638326266313539663263366439316662
34663338643430333738313438393439323932666565623339383433363638313837663465643965
38383461386635306333656333386135643561366239353466633037363231323833326231663161
65373633373236333830313931313033386166623738393731383065623038333630336233613963
63333036303064633963336362306137393331373264656537653437313530396534356239663031
37333039623965653239666665663035343066343862663139343561333937663963643133616137
37336664633561663232626236376335306134316234623130633435633565636661346364636633
31303961666262313538353836636664613562643164626266356664653835656664666162373731
31373338363264623661663534316431366636323739373764306134336237653164643765353964
37363362373338336264353538376233376164356333633030326438383963633030373631366535
33653636663238663335386335666233623866636239353336373333353735663930366361316130
36383362613434616439326264323535393430333833613862383561643436653938323833343966
64646365616532353934643162313532303631326166616436323135333236363034376239393563
64666138353637666435356463643466646535323334313166653237353732663865323834663762
63333130303665666464353161663237613032656339623938386364636537633838316138616662
64323038623962303532636437383564356461306564633161326162353831313430316236303236
65643632373934303632333036356161613436313337623231366238393234363036653737633430
63346430656664616531393939626632646639633435393531646234316436303637393865633035
32303133353038613138633066323465396538653464393537343830616231333838363038313066
39336261353763376434353835356135663532336366656361306631626665363062316265653138
36313635303161373461633764363931653335316239333039623965306632613938643538383463
34626565326232376366656466333264363833623135393130343364303465663863613333333465
62663065623837363431386235666639663438616539343463346465343163623139356236636332
39356235616665653765313332376365343665353961623637663438303566643337613230336334
66663333653835336461633063376632336666613166393837376133333533396461613863633861
62343662373030323562386161313839313337313034303231376530363634386366383337323964
39386234646164623364303737323662306333663530393932353163393932316130346131616461
37303165643266643939386362343161613139353866346630646662636462313030336661636235
62363431613833646164666161386333623032366637313766303565656139393335326235303333
32306263373463306661656261396238336534356138636533623838653831353661393730643839
64373566363833336566366133396634633735356261356564343863323631663363316537626161
33353964363937366565656237663863326635326632386332653338313236316639303337366634
66323462303038636538623935396437346530633164303164356539363134646636656363363234
31383031376332363963303334646631633663336363343837636431623439656130373232656633
64643938613332643663346237303561363661326539373937646437663933306565653534343536
35623437633732306263613333666632656534653335623463333731336534323861663736656361
62666166366663393735633038303361616664396362333762346462356333393565346662333431
63383630626138363963383861343265636430323764366264626539626163333535303435313463
65616437343762313961316235646365323263613239303466336132313065343834623866363230
35336137623238366239356334353339353639313638313466613430666434663633653433326336
33326331353435613138613631346337303939313330393166633137383861376230386665623034
30626135353738613363396265623631656135646139646561633962663562336132366462303632
30633736656363346534643532636661333831373635376432666562336165313962373230323631
30613538303336373136626463623139376438303066663939643932643162326665613965333261
38663864626339656666353562373739366466316537613536353533313661653061663663666264
62343163383064663830326131613561613238333066393831363366636137623433376235376561
64633238633931373437373861373463646431333665633931656261346136653439343863646465
33303862336432376232343530313134383465646539353466363762393462626339663065323664
62656530346230326236336134346462656334366539633132346562613036313537646362363134
36306335323765346339663833306233626636376134346630356635623863396139373664316263
35623861613037623766626566623763653539633331616165353734373031303730636163383536
30353163643666363731343536386566333833396462643734376666343733373734323535336562
36373232303765383862623965323836393231663861353566383839323936643462363731643661
36626137373137393732303962316565396238336533633566353532363763623734393266663166
38336266356166653366666466613238383761316565363338616234303166306639333032663765
38376534363934363839353536326464323366376265653038353763616436313761653065393563
39623263303865646338623939323662343437336561326431643638383463613539316265393436
66376562653064656435656263343763663037346632623365333864613834646631356336396637
61616566376161333836623166333732393665353939303334393963386135373638666133346534
32646663313366373538363432323964316637343662663436336466626162646539376561613435
34346465363135623636363230613037383735643765353164643330383363373638343034623230
36636366383833343935313665333335636264376530646163303530613966353836396637363234
36383532306235663035363964386437313337393236353066626634386131383839386339353836
35363461336237333266393430323439313536303236313862363635363163396238373464306632
62373163666665363363316462386330323639346562363138623439643934613731326266333962
39343366393031323562626334626362653764356166393837393361373033663566376431386437
39656262343530636330666363303464343763306566303030626334376338393935303939373236
33386362653463303062633138376132643563393266303862373664373837316561333564646233
32663735343735636339323432396231336662646436393330306534343561663731336637653138
33373931313764353335363234633737653463616562316136363863393935343364383862663866
38303766316366313033313635343734653830336564646366613934626666633962343261396330
30303331643763393535663932396536313831363233316437663239356338363563333238633037
31343764666561633233633937356339633437663436353961303864393538393366353538343562
38643264356366303366353763323466653663366665646231343432633938356436663038656439
64393765383961383162643664346561393362353935333939303736353937386463623838626533
38306233623665613632616336393734326466346662383862633834616365653232393134646463
38316338396362396638373961373235613133323330393834336631323866333937616635666539
39316331613938376663386333643661346461336239353131343631373533636637386165353632
34333532636439666263616266656264323833376437386637316634656131396138353234383361
35336233306138663730313637323634616463343638646337366663383638333233626338353635
39333131393262393334313363643964336563636366376161353239666166393761636361306362
36656236346434663962383664356430316234313431353734656232363031386434306562663132
63653030316535366365623432353830613339303162306539303838643262306137656433396433
33363762363235643630656632643966633633326137636264653539626235323534373634663363
64366630613530636234626537313162353033636436343635336461356231626432616639356233
61623532646339653138326136653237366266386339313166383463653732646363376134633361
37656666656266663132623363613032623533613162323031373831376430616231643965383333
38366138326431323563376538353837346565666131653330336361376330303164633339623964
66306431393632663635646430373365383632633331393661613961613861633361653664323066
36643035656238386132626534643661303364383236383162666532323162303664653430633034
64323339393435366634383361363136343831376435396131613331656437373331656262653733
32303531643234303666316263356465643063336334616165363032343935656662396539363365
62343433383233633735613031303431633233613164323665636166633431623134376236363630
38353430353066626365356234393463623335323461373464376632633666656564666361343263
61383463363239613134373232313436643235613734346433656230646264326433383065356130
63323165316133613361356330326566373836306235623233343261613630316330386233613938
38343530356133346561346632633034343131626331333865343931373631663133373963646539
63386661333631303336363338393063326131326566373538356634356139636137326362613335
33353865353431333064353662393136366661666266323035343730373136386461373033353937
33393439356661363735393231653931333537613965343865353065353764333130323862323837
38356432623132363930663938633165336531376666306637363133636534323362386162353937
30356465656338393830666439656261303033646236663631383132383061386230343062366262
65363364646337336333316130653938633961653164646336646666633433316131386435383732
65356535383235633336323563666535373734643738333865373362646264633063383932366361
33333838633166343433323935396562386161346533323063313061643439346465336332306335
64346337323962666666633835333764366662363638376261343461326233623166613133636234
33643435393162336162333961346131393133373932373761323435636539633965326239343666
31396131323166373031383261306464383462616435613330636536336536643434346265616462
35333964326631313539383464343436643536383933663563373963623937326466366131623162
66353461653735396632333165376562653636333532626535616465373531336339396165656165
33633132656436666663393731623866306464366131303366643166336262333938633364323838
38336237656137663864633961363337333638346636313937396233363434343633666664306439
37643937613438343964363132343737343336386161633162623764616534643063633865316266
64666233373366363562333265333563313539333031353633366266633762383262366661646561
30633965336261386664636565643335346133623565636562393135356138343938343832613630
32663939653934666561623133383435323138653430623637623331653834633231323666623932
66343237363537303634653839373434646137366336643634336666303637656165333036326135
38653461346634613637623363623066376639643932336631383031653761636134383166363632
38393366333538353439363736386265396439623835333162626462656230316663663765343233
35623231373034343735333338343134323131613435386363346361383739333337306364613534
37623961343262666665623234346337323261626338336337653634393331656230653961306164
63343932623934353734626531386461353632303032313536353237626162653734356439663562
30353864366335626338343934653339316566363239323266646361363438393331343532353838
32366461383762613666376561353731633165643332333638386632313465356436616430336338
63626539306639623463396161363362643330663938323962376537393333646239386530626161
62656239316132616639666664646133326334333534323934323531346539396265643338626132
34303834353862306631373762313734656166313830393033303438356336663631313636643330
33346637646135623731396563313031326436663831653339353930386135396135393038356263
38336165616435653134633566613766316131363538626637323031373138313364373661646361
35306333376630313863366163303232353333383463653434353939313537353339623864356161
31396264623530303734303139613632313034356664323731663937633937643861643365356134
61373031653636366463316434393731636139376637343238616635393531333966326539323862
34313838646232343331646533656462623732383234326139346530623232393533303566316662
62326263623466663136346336313631636431336461396662323863303361366563323138646534
33333137313834623066323836393439643836326638663235336362383337306666646366663866
34383938636563373230303834666633633238643664313132613266666566326332346337326364
31373932653363346366356539326538326337313337636666613233623761316337623833386339
35613166363238633265303336636564303537336364616132393565396538623232346233306364
62323530323565373538373137336538613932623364363865346461666537663034633966316337
65393166303465626361663366396330616636616563333539376237356336343338306131306431
33623236313730616433396538343062306631386637396466633130316538353131393937356535
62306635623937373235636335326666646237333039666134333137346463316662623965366263
65303336653161323034313162633333363563663666653035316133653166333963623833316238
61313463326439363638333535383838353738623561373662373165343534626639326638336661
30373835396139656235333933633137656230363231633230383634303032303334373862363731
39333361313366323265383338346235386661393237613838353132346565353066363239383763
65306236343234386439613332383834366130666365376535393262393565396339383865306432
37313866356639376365663664623032663464353039313135653862303764393535353236396362
34653261356235336361356539613631336333623531326664666439376139383063393932663565
39343739623136383836646137623030666530373561323831363061666536396531656666306630
36326531333332623939616639616336633731303739643562396338356535326465326562623332
31636463383138323564613539316662396565336136393736356337633239663362333036366661
65613631316163353230353364323034306139663332366161386161363239323833366664336262
34386235653735633366323162623335386230393865363966393931623263346464646565633131
36313738386132366532623261333736653637366466363566623631383966623433616136343062
66386565313966633138373034616563323637626539393334656532386630666236366566323532
66633832356634393933643361363531396630343134363961663730333034306430336331363362
64303430626635646430643831643137303866383462643731636462323565303661663631656563
34393836343933366362666164613739336663626530613231666462666133343766616436313664
64306439653832623261323365313231643766383731613332376332656134373563386566396538
64656631303634313630346531346566323161666261303763303736326464343031303032383863
31353137346237313662656162306335373064323865656664353037333539336563383533323438
34326638653132316431633237386466356264323637636337316465356435306163616530643134
39383931383761663432316232636661333364666561616364376335646661356534656665366164
32323834663365306133303435653335316164346264343436363732386163383633303434343835
39396164313134663732616365323766393831643261633530663966356439356563633065303964
65633235393835346365663166313334393234353063646238386664346438306462616539616332
63303264336463303732663965373739333331343134613666653131376532636130373032613463
30336536373964343735393331653731306366306531613139333461616631373464636131663331
31643062346431336638316634343834663930303631613862393765376537303865623732396461
62663865333135656165316639386330373865336539363335303537623866626466326531313761
61646162663263333232353235366136383762363135373161643262323466333231303033323962
62303737613937353164363565616465303638303931316535323361363361613264333662383865
63356539346138313939643636646661343638656134343332653632633338346665656330313437
63663534353762633538353638663339396331356139633835613239343364326532646566643031
35633334646635626230346633643866656463643337366534346464363063656434653637343937
61396365383766656339343962373639353230353033313566396336636638343566366362653932
37663162313633613237663862303866323565393934343665303332363063626539363732336233
36363830376661666635306662373132643634613031393733663437653964323538396534613562
39653539376534653337653063343261363337363863323062343562373332633861363764396564
61323664356532643361313763656237396235643563646432346636353337613361333037373161
38353737323233373166353531643665633532346137646537396261303038343332613262646636
61653666653333303665303530356231386239656435373838396331336361323332656432333539
32356365656332636466633032646637613033323737376366656138626634363135356635616131
65323934386134333963313465393663633433376238353965636630313439353661653730353261
64333532313232393438633438396630313534366461316232383735303734643038613361626537
34383232336161356561373133626239313166326361623962306264343733383466623932386533
38323332366238333964333337356239663261373962373537613630393061303334363362623264
66653364613539333938636565623433326539393561303135363537626230373133663835633063
31376264353163376664396563343839646261323462656263313964616134633336393835346538
65666535373361316464393035646235323165313737663731323061613834633131653736343637
31646264643534343430656130643266376436343461633262366437353733393938653239343365
63653338663761306139643530653634663831386638313737363038653264363262366564396430
37653338646239366630653635616464613763323465373233343831643762303863376261363862
35343866376135373731336266323363313961343631326561646130613962336239313035666364
36643933653837383662643037303139343064343730363663316638386633343363656437323362
61633736306166616135353461386134323338373833346631396538366338666138386464376365
66653538633234663031336431636434343266366237383938636235643831626564323639623931
36343366643231323261393764386665616637633766613632343564623930336239386637356364
62633463623566616361613135346666383432346438636337386433656336623761393030613838
31653465313934323538393832376436653237636130613663353133336361623663316465663764
61633834353362653434383236356365396263303163636338333962326437653430646466663963
32313434373732663936383363303433303062626136386234353131366365613835303664343035
34663538626332393564316239353935373762323837396365323766323435653337323161343566
66363032323936633363663566303235633230313430363531373265363365653731613063633265
32353738313964376334613737636265333431313361626264383833376566333064383266623866
65326665626130353039353937636663303037363063643563643237386238333365343038343037
39663665363861383238366263623764386238303735326263303434373465303538306436633664
66643263653761636561316333633138373336336338656536666564306639666664376661626362
34373766646536653138616364343539396439653731623864333036383432393339616363356266
64333730383261623831343433343230653331306264343036346361353166323533616262383937
61393063343836386261643163323736373264616234653238386339663665386439353363373965
36653935653733313338373561623739386535353939353964653930373538313338663763396330
61306365633431343337313266346265663539346465346239303038313461386362643931336231
39343836386562643961636165643534633061623337373434343139626164386330383461663961
34613864373761333361663831626430666661353339323233303063363338346232356639383537
61636362303038306236333636386232323436366561366332653038373665643234313934326362
65336439366339333364656466343932643263366535643365366461343538383265366137313161
30663263323834333766366564333436333136303235666334326630616138613231623361373830
64653834343463353765353466626163393466396539373735356633383337626366323538626133
31363663613764633037343535343562333635626163343335313831623564306232323235323135
35646139316264323032396266313936656565646237653266396234373831343637626332313939
31313031376163646339633665353531323731346430306135343739656435643062333664393233
61623563306565313135656135316566646364363335643063666161663661633465373937306339
38306236353734653439363865393035636366303165646533323564353834653263613339303464
65323632613639356363343732613239303935623065636261376438666638663566666436366534
33376135363631333537646539623231663066626331306562303537396435323336363435323230
38636230393631373563313663343132316234396465633462623236353635643330636532616536
65303637303539633730663166663130353065393330636664663132363566313061336633663866
34623063663065373732613134623135613531383632626633323066383061656562373333316135
66663534663864353261373264643634346537663334376663373132636332336238356265316432
62633863393933366438636535393132336537383035343135613334303539386634323765373061
63313135633162353464346136326361303833376463343438323133356236376438626130353130
37656530386633333933376430616165333264313736303932363335323533666431633763653033
35303865313936653465613136343830643331633166306163656539623831383236653638666536
34366635653462656339643439326333346636623031313436643865326634613166383539323737
36303363373465313036306566623234346362623930623031633265386134336631636231666538
61306637313532653230343835343638313366343739663463303738623537323566313766393939
38613261646265336464383135663838316133616361346462356233383335343665336339353035
39623161653961663336656263313138313930333863386330653564623330326433376266303565
33333365323530323831363364653664353132633034356137636335313735633331366366386630
37333235343238633634356135613862363563326235313130363735326262633665303462623534
63613831646538313239303536396139356136336365623237393233386231366261313134633338
62613731383430373930613637356532623338646533383232613861356338393264373634346431
63313963663562366162616435323966326237623136616632333835613230353064616436346534
30333563353335373233303436343564386435316438306330653863333936363735353839633935
63303239646439336334313361633662323135653035333966366161623336343566323134386632
31333539613630396562613031353931373138626562633531383561393363316332623565376661
62363162623335646666356262353836636361333536633162613335663161316333313338363261
61316532363332333264386165303265356564323264653530386336336136333663343664633262
33393862303734663738643964323466366661663664646663366435333038666262303966323636
39326436363535303061316537623063626439613165393030343663656132393861636564343864
62323333656330313033343736373038376130303763366435383461363738353263636433303235
37383431653461343264343764346162346237633661313764613035323737333137383331323964
36376335623538613537393033663834663665343436653461663735316262396237653833613161
32623963663334613961666335643330353535613264666634343338336135373437396636653366
64663536396537346438373434623336346161313335626466663330333833636638353365386538
33643331613566373838303137313937663739653766623861373063346337393563616665626161
65613966646237333465333131313763616566326361306561653739373563616433393635313632
62643732643238653763353736366530303761313764353862616363643661376261623737396236
65663635396464646234386463613034643933313461656465323934326366373565363737383766
65343533353535353037353066643261323062373762383635393736636435386433303938353932
36623335343636363566616333396431366364396366323132656238643266333830313166636136
34326235313462336136636363636331663332626461366434386132346235303463346532333565
65663730623939303637316563336531353464326434383834383665646435303632366431376362
66633230663436306565376632303661326461393466353865346538613961643962393663396264
39663230316132646163653866343334663561633239643764396438373934613037666138356361
35313438616237393065353562303331316333626363326537353538346338646261613465336663
34616333363434633235333861363930623865333964326366376536666333333831643363383038
62316337313138383031396266373835663638303330663233346339333931616463376536313862
63323833643938623737646232373231363563383762326366393132303533303238366262396339
33633734393430336135623562373963303262643434303366643563303834333739376663663234
62363938313661313765333866623430383939656566303239303933663864323063613766356266
33333236386664663362303239633564346136313463383530616164316434353363346263663637
39633461663330343130343962396131396133663562656235636661643963623135303761383261
61353435616538383664383631333631323834656265343534626331653934396333366432383436
35376333336331656463666231326266663462323966636632366437616362663666663565353231
38383563663562306638616130376232386138393263643762633965313033323730393932623662
31346464323564353732353130636565373930663030623036376364383066346662353832616462
65363736616364666265613835346237383331366233323432633833663433356664366132633462
61396438386265376139356330313136373837626262623262303762386137656633656234393361
65366639666631613437653466663364636461346265316366643137373438336165646333666333
34313331363631376136393063353237646531636436356238653964616662666532333834613130
39353337373432663439643938353435633061306535656264376165366462393336396362323739
65666362343932323239636362633434323639326565643738303862393061373837623335353134
35316430343436303933353131303865303533653530653761376661353333623162306237373463
62666335366137323834303030653562393262383634373735303237313165306264386532663966
35626230313937306138383761393237646635373866613064373665313733346237636631356464
33346332313430386364356262343836346632646364306238663661326130356364396130666135
35616564313936393761613362646239366333396665336665613434623265663065333464653262
36633239313630356239356165653437613261303331663234323931613939613132636630653062
61646261393932373764363530633062353034326562326135613235613339373132663937663139
34343732323733343934336134346532616232633337663261623361646131323666636664323664
30656663336631346139623636643037326562383732393166326234356163323364656439613335
65623337383764623138666131356537346632613762323063663964626133616133363236633036
38383264383364643338363836363962636232313232393364393030356637333632646534643231
63333238386637376336396134636438353364646132623963646535383332633130303264363564
63343062336165313035346237323539376638396634353930393734353164343962613136653538
32333533663664326166616562303936303232343030346536373039323836303833643635376464
37653133333939383437333739616337373430616632616331613763366665373434653962313162
32353163666134623562396333353138313939663263646530383236393835383466623831343766
39346166393439313733303263663336623438353961303434383361353936303963636331323137
38626138376431383163623835636136663461663839316336316461306135663232333561646365
31393730336338643638343262643765373435626235396631323132373766623533343036343764
36356531393735636164356233303932376132306461393636633630306561623432313636393563
63393936306238393138333462393638653534396430333330396465656130363839376264373636
37653462396264666134306131626530303939363233626632646661376634633162633266636434
38323139323565366264653131386665326434663733366664373131393038616462613237613966
36313730356234653663356562356535356136613766363437373433623533646164326130333432
63383030356530353138376361613339643534626633313339306565313562356239306666333935
34316266613835343864353165646366323730656633346439326235663537653237663434653536
35353634366464356562383965656166616638373933373762376263626235653639633735383232
36313233386336303864386533656238333464643739626438303539303030316564656364396261
35333436346265313933383732393764396139343164326334626361613238343965356237623764
64653362366136366266303562626239633161303662393633323835313135323862356363383439
36336462323531373836313161303162323035343034393262373831653933376134666161323133
38383533386238323164353131343263616665333636373138353235326632393036623166663262
31656333316364646564383964656138663538333733626131333264343633373062356132643439
61613135376334626564663130323936386231613632653961313937366333656166333063366433
62386332666462343063386237383432616263396562343831663863396365643134373238646463
65386231346139626162643430626266326532363062653863656361316632336130633665623265
32316638373437323931336534616366643537336331383766383532666165613665666163323961
64613039616664363762623130623437646632323065396537383135656662656231633437323864
39373132356162633863656633636238653363346530343164336132333463303939613362323161
39643830633761613136653536656265633962323464656630623734643738623334306361373935
61616434303366346362393835356439633932386361306232663533623835663266323937353766
65333039653663616437363266653039623961653437626233356436323639333130306231636431
61336233653430636238653462316630646166303837323930356130393266363362373962346236
38643639613261643036613731623763333334353764663239636266646637316262303565613161
31633235613765613061356537333631316535346437663730346664616564366365356330303366
32653532663334306130643636306433663131393133663231353563643939646537393466306334
30373335346430396435643736323864366565626139626332316564643231353863623031346632
37636431623432633666633564336165366565316236393530383737663534663561633437366362
63636536353336633736646563616461306662653636333262376561656263383439633636373961
33323730623536636132366363343361623031323139306164306463346663393731343466623366
38663666313761333761306165343432613661333463363130376663383130663361386262303438
62376161306530646138636236653235353138316632333330636136393664383530313234653935
65393462383434363838626634626436663362653436393430653061393464303432663439613465
33643034343938353630623361363530613638353139363765353165363335666664326464616162
37386565393138613362346238376333303838326436363430613133323635333330346162363335
61643664636635373034656664663664363666643266386638656662343662643737613530636439
36323339656232346162313239343432313636363936323264366163636138333539366239666636
65653431383239373963363565383262636461306130353933376330383332386433343062343664
33363262636531323063383763336661633931373735316262313264623330363239636130636232
63323531336262613930356236303136363837643766643737613534393633326338666537643364
35616536316261376235666435356533663066306464333939323163343465373231303632313563
62326139396538373332663539386235313965396433623639626234326432333264616232363034
61653565363535663062386638326131303332643462393635303265633461393461336439333561
66373663363166373362386164653839383861656664613134366234303935613431313362343234
33666365346331343838333738343162353135393261346237366262643933626564633837623035
66323334636436616666336333393561653630326136383263613166333763616333353338666630
33646366393330633861383332383766303066613233643835633062383431313232333361623465
61316336333035376639653964646262623734383233386633316432333362313162333861303835
62633433373132663764316461383063393338346162323433366532313935393865616535393363
34383230663835613663366339363766613162646561663735653763396332353533323063653734
36336336313931646364383566356332653630636234386164313565343135343136366465333939
36386630393263623637356137626636663133316462346339636332383236366333303130383665
32333666623937346563323461396365623661343733633866643633376431363763396636303538
34656266306139643738643332643761626263323135333866666434623431326561393864336363
63633736643366653565356132373636386430303431363339303636303665373834353733333536
62373066393365626261373964323136623438306133653837303634643361373964303834383630
31633433356630386466393433363561376137356234343364346538356263643433313935616462
63613738316135363434633866653334663063333533316564653365353463313062656363376139
34636232373364323034333732393066383666633537376434346266633062613762316164363139
31363531663364356138336333616464326333363131306239356561373635373935333962383636
62646331383633313863623235653165333036353631646239663132653761613231613933666162
32323263363436343166366261313839313430656332353265373662616130356430343433666361
37326563643263373135616132613432303931643430366265623636313932316563373564616437
66316565336262323465636135613134343531313332313466653237346230633336643664303064
64343639393561363035376231656163346238613531323938303965643234343932336535306235
32333966646637633933613166633166666566616234373931636430393261396163306531306437
36353437633862656162323439376461326134323432636430336536636462363761633732653362
32646438393164656430316665323961383765336430376262383336636535366232383131633465
61313464383532343565393234353038313663316439636665643561316565646338396238333538
36633439656363363165373661336165666361326332396239336432653139336237373835613136
63303031373732656239343930326463336237613030373935336263333137333230336363616432
61626439396238363764306664373234636263663032316139656464323032656364633864366434
35303832626133393566383435353032373035643937633837663430653239373930646562353064
63643162653762313762346362366531623664336539663936323636616463383862353235623364
62313337646261313431623464303138383039333766636636643736666266363565363234636563
34666537353763346133326236363165303732313661636330633864356662653038333536336135
66666637323039623563326434343164623161383133373639633162626430653437393334643139
66396430663363346164383035623261646361616430333265356366303764613335373661326537
63353435623738666566636365363639363363303762623233633261643038626133363531373836
63366333343865333361333462373433326434333061393137373934623661313531636266656136
64633963393438393633643964653761333962333839616364396331313437306431366131306134
36623835633731363863393638666537373439393237386437623732343265346666616466383462
37616436333238376563393061656336336531333762316432366334666333633266613665386361
32396463396339623762393037366439303861376139663563343565623563306336653866376236
65636162373636373261313766636431323961323064323562383036303130373638373338653363
37333365316132393863373866346330353732383637663133393032356666643162653839363866
30623661353562663236656537633630376638653637346164623661326439333739663964336463
36353038333834393335333361306265303264386530313831396266373062656532323863623136
31333930383831663031373933386461643635303562386334366336666566633438666637323436
30643132396632663964313430393462393436663766656562633037323832383030633564613066
33386534316533383535376137346333346230653936616665633137393364653763363935343439
30383331656365633865363362613733356639343335373833643432363434306134393465393162
66613436363235616263663961633238313437333366666333653065396337343631313138323131
63306338356138643336616661376564373763363439663935663039623465643637663163633831
38623961363636626635626330623133383561393665363337666337393362303439383733613237
35316139306130613535323138373232366463333330633762383637326664376130663632303066
34626334376233663663323431373636653961313738643731653464663932303436336131613130
38366336313135376530663565383765313231383239376130666339643364303466623937353862
32303465373932346337643933653865373633643234373637656438346365636331393735343038
62623861376564343036363533313062316665623034326333333630393235306430656431366461
34326338316137373838386566363761653639623361353833333830353465373234326431623962
36393333653738326362623865663239636237643230333238633232643466663439616634316231
64633732313861356433313336346230383765616431366164663935366631376462653133303530
66373537343765323162396132303862623733636664656433646536663939323065396365626233
30323461386165373064393365323632386436363131313139616566626433346563666135633364
31303733306531666134376466383565373438363333326364383263616564616234366433313261
34383564646337333738636532396139666531613731353664393032383236623135623437326165
61666633383264633239313339613032313731643132663862366361306432366439363630646363
65306238363133653639316531343461383235383632356364633533313764356439363532393732
39303531626131343738383238613163663861653035663835366335373963633532376666376332
64636133356530326330306436373263623735373832376137636234323765303863326161346666
62373439326365656239333131643734623963643538326134333965333231376332653566623731
64656561336165363937383831646136333836333935643932323038636630623938643935376131
33643534336465353263353834323737316431666639363238363863333366646631336232373337
61383435326538313335646562303964643863393763336330323133353533343538636439656136
61323663373330306164336639343038396233613839616236633134333238356365623333623261
36343335613363323731343966336130383035666165653461306438393464663933333863663635
31613836646561343338613638303339646437393765363563383265366436353138666531633562
36303865353637333032373263336365613134393330366536633866306436303135383464336262
37356537383430313766326236383565363165343933303339336238366636656266663963323365
34666432353436663838366339326465656335363339653435346565393431336636353163393932
65393961393361323238303561653063326264646263303135356235316564316234396432623663
36383664346366653461386439313135636332383962373630313630343734396338643161376261
63616535663662663538646161626264353831343437353366656236336539373266633261646631
35626163396134656533643237346539376636376333333861366361396363393537386664646164
34623238306361353861643034316439393462616331663265353864323430633335356666396132
36623838626562633934303735663839633735613462376363363431653437616662336236353735
66646664393439656434386131626362376332383436323061653164346261613762373139643337
35353365373338373865653131386436323366336539383638633661366337653062366536623630
36353936646635336533613530636636306563313063353264393931303439653965373431343032
32646439306163373232636663613264623764333761323866643964303839613566633433333739
34633133646231323635303137343832353339326364393938313634393335636334386530623462
33393065353936656139373835363631616433343361383365633663633531303438643630613930
63336161376539633533346434613832363766313135336166353361623663376666663136623537
61373465663764386434386232306264346431303138363362386431616330663364636138616633
66353265393239356235383036346463613431323461383330386266323034663363393232646639
36396262306632366664653731633433333032326236656533366433326465383664303932666332
35373536623236666262323830346430343465316637366136333065393837353966333762386638
66303664316161323037353865373965623238316532353738343062323764646665316434323462
38376361313362616334653938316161383235323163373234643563343639303665363931643232
64623734306630653163373933306139326539383864613137373637656162633064356666353938
64666237636265333633383634336330333330363633643135326433326535626232636439306231
31393034663932326365386235393131653635333036666364633261393838373231393939376639
61343433363964343064333935616536656333623263313232393431343233363363346331343938
65346337633430626132306338336265633231376363366536353135376264613034653265306434
63343938353365373162326463613562656466383035313530666561353337633663616461643636
36313663303339343330613938303439613139316139643764353665663263363363633935633664
39393464646263356562656534376231356336646135663566643839343138363061653630393565
36363131623866313063616364633465346237623731613530363361643239616163336532653563
34653730656438323433346363323839613135383530363731396364303237383530663839316630
38336139376539316161356637313537613330373064363063366363376462663637396631373864
37366435353539663964383261616632643266373331363734633464376235346462656363343633
34333633313433636138346466376661666332363863366237383537376332323261663764636563
63313963663035613435393036376233333934383231396531383665616461623962623463336633
30323834313536623462613037646537663461643363666533393433653030393135653936306664
30363038353931633733393831333936316434353764663239623737396533323466333664643164
30663962636563653966633162316666336637656639303861363832326566646633656365366130
37376539306431656235353164316264333237646438626435326363623336643264336138376437
35633933636132366465313732616235616662366338656537316330343865333735306638353235
39363763633235353436653930613735376335316631626436396334626665626531383361653161
31316164623134376334303062313434396234306561336231323933346131656139363739646437
39616434653434393965383434633633393538653462323563616637333162396665306663366438
37376437366136623331373966633534646266326365653738303439626532613836363638343935
38343037313030383762343033373365333338303337376435623866346439363337663238333431
33393261656637626539396463313462306435643161616538383738393962646464356361323965
36633833363630656439623965633036626562303563303564643739666637383533323163386136
36626563363962643639363161353361663065363262633239363538373733663430306337333038
37363435353362346166303836323933396134316638333233356639303931373166323832633432
33343764303763623866303734396663373163313435373934356633313039353663633438626165
33656133656366663962393933666361616565363330346535636438333761373037363230653662
61613731316630303661386666323137643261336363326432663963333732396532386439633562
63366131396336373537376135306537346361326564633766666231613039633039663235356137
63616662303162633866633733373166656563386166313865646239643139633236306465346164
37653562363935353535656438663133626236663139393835353762376464396661373338346364
64653635653165643632656539346532336365633430653132353137313065616135313138663764
35633834656461386563643039396436313765346337643262313339333433323466353563323265
66373230363837373336646536336333623737303335353262383766636139633337343265396565
38336364656264623936623763383966613738323230646337366435303331323237666462376131
38373863656561353466666237613339636364323966386132316330333366616462316236656461
64333630383339303535346166363265666238323030353163333235363731373936663438333237
66666263313364306336636363643264306261623462323530356438313631303033386530313762
63316634663162353737623065353333616138376266623638313961616666653666386231613235
35666533396338623333626534373238616631346232393836663133633361613136316134643332
34613032643730343630313761626338653262666264366564363066306639643633366231643464
31653531346164323663646663613365383134313662333735326565383961653365343839633137
65376230633361343835653939366232653730306632643635376362306335663934383061376564
61323335306362306466313239356265383665656538613331373464373363313831323534373739
39323561623931313431373463633164323661656137303164333635326163353264316332626634
61333538623263376130333964333661346438623466366130636662366262623236663965623566
34336138336638393663343931393933333963316438666664313766386136383530373434336233
39303635666639626433353162393733663931396638363163303132363434656364306365346265
36346564623566323638303133666636343438663336373534323130646635616439343636643265
32616233613639383132663635346561326236333833613663636139323261626332616666653134
39623638343237623233616665333365653262353038636630383338393133373163613830396538
61383365346333353331636333646531653032323632326431346262613037393731336539666664
37323438323238646538656232316539616437633537376665313139393937343864653033353465
66306239656136643036663463363033383463363732303835376564633239353862616331333231
38636630346533396238306432646637613233393266616533383538666165383863653336393836
35326333396535666263373238623864333766636664373235363963666138363832323736633733
61663034643838386638666465613035343736393132623233343334386434313831313831383561
31666339306363343563316262346563343132383632653330333237333366306363636137663233
63393863356437373865383565616130363939643433633663656539623563306237353937613566
63643037303034303561316265373435386434393062306234643163306663646466616634643838
32366331316232623462306264393139383930383137336138303761626665303135363936643034
31343137363864373537303264363265323937376236383064363933653662353361313764616136
34636564636466623132376636356336623039623337333565623230393462613333386566643433
30383430623461343030663763383030353139613663346639646139316663343364613365653739
33346138656462353535643563623465333063643861363635623135306562643665386333363362
61333738356339373863343836306338386330303661666239666233663864366638653439323337
35363739666561656539376137393630653433643235393331623338643566326334623833333339
34633932333033636339386233643462306534663637623632366633623164663064653839366337
38386536373761396562373836313633316531646334333161663264323463386362663036633864
35326533306639633165663937316132383837353465326561393133333634333531626161623336
31363064366333613638613835616339633637636635393832306239616439366461383739623263
32306634643932613862666665623263653237306162653131303330323763666364316531363538
66396135623430363964663564613733383834363136363133636336303361383366313662666339
36373038323763326332643863646632366537666634613463383339326130633332613331316631
62393937653134633536373833643365303835356163613135376233386238366330393530656264
65323863373366363864613238616133343666316533646561373635373235653836363564383538
32633936356435313639633863353465396234363664393862613166356335626239346439666166
64333864323539646361353164333736376635326632633338396463396565613033636265303835
32653638353932653330353030313833346464323063383433623434313131323232666132613230
39336432636634366262393336383831363533383064353662353334326134363437393032353164
38386162346363636262303539626663636263663361653732383338646235306565623636613839
32646264643730623036613637383537383133633163333539376637386230306236356530656666
35393463376330326336616131666661303139373337613666623261363965306163336232303331
38393234396364336539666432393733353966353532306463663332306333666163313438303630
61356632306365363136303063633865353235313139333137383438316363636362306532653831
61643931636330373239396332623533303661303630623233386662626536343464633261663465
39383938313535643864623633623964366430656563326230623934393961353532383333633737
66386136616537626330383732393236323230366138626661306430336564313866663561646566
32653735376533356363313631326664336430643436646630326131623361633730623439346632
63336662633432306630313866653939356537303631313764643665316564336638666365303263
61653835623337623136653230366336353335363638613962613763313737643339613035363763
32646165323638343663633465356663376266383762316136646538303666653437383231613938
62626438666137393964306531663062313937613337363237643934643363613030616338306363
34333766326234343062366263653932623431643938323438613030323763343336393733633834
65323036356539653036656264313438386534373432383563343730366239626439656337616335
66663536636337653633373339313866343636366330663634613531643864656337633038653933
30376135383062636132363562366461396437363437363161336364666637326435326232373263
38356230396633303964366461356639346366653235636565653136393066343366633865396439
30323562646434313330383463396265616562366331306434666632363465326265376466633332
38303936323265393230333566313062336439313336356661613330323331643531346361656339
61613732633434313437336231313033646637663164343735313436313935306230383531636563
35343035313634646363393330643939343934343935656435643334623231393265663934626138
66383630303562303132356137613466366636663764366538353337323334333830396532646262
30643334313737393163373162316336386132626135386564383339306561313438326130346234
66346161343665336562623766363638366165316530303032386264636238343339326233663739
65333630323939366237656434656138323136616264646466363231616166383431313639616465
30366537373433653039336139656661613632383735363235396334346337653135313061373430
61376134623938646164613339323763326337616561656661346131663463353334366166616232
64323961393462326163303036646432303765336161643039336664303731346337343765646339
63653435343633383632376666623134383565343462376238383533663438343731616637346131
64363362303039366236626331633839373735613535376663333334376463363566356263333438
32633464626330666463396334353638663162323139323038656666333266323537303739636464
36353265623161393066616364386330346461363236663534373137363431356534376135623564
32643431326266353865326439303535616638393536633164373538373566303131393765303865
61666131366562613038643239643062643634653762323233646435353465363136346132353132
64663362666431613331316462373130326436653235633537303031363837333164623734386531
37336561356266343634623762363330656465326661353239613064356363666134313139396635
39633734333539386665636639316232633131326163336234636432303833666234366135643661
39363036306432656433363963616537663038386564376366306637313230616661373836326462
63363761353836383733646663393262623336346338313936626261353637393033346130646534
62643362393631356534666665646561306461323562653162633765303565623333373365386332
66376563313964373362346530666132623764646266343561326335653736666365353934616239
64623065393537316334643362306130663431376332376662376637386664303238363064313335
62383961363765656339383936373465343964313364613735633465343731306361356139356562
39383365323036356434363939633335343430643532613666373065333938366435326135303962
61343832306635663066316239663930663139346363663335333666396132366432626531343261
37366238613932623638356338363637656139646539393666313264326233373661623164323736
61346631373962316164623734383031356163663335343733323131626234306334373833616237
61373637333263373762623735303236623332326536633235616430666638316262336336323432
35343233386233643433623564656239643437633338666165326266626662643438393132653839
36353565366461646665333030333833343466663132346634353665636232633338666237633261
37336630303038323165333266326432653766623138613865316338613662616438323432393365
30623637616531373065626437383230373234643262616539636164646362626238643663356536
31356531366533666463623637356633383539633635363234626365356361613431623664316430
35313136353239396464636330313535663237626164303836646663373466343531386538643663
36656363303138646265313335333331303639343430376264386339313865316161363765646537
32363761323237353066653831656361386338366330613337643864633466383633366230356463
64313730643931633066353366333966633866633839353332313232643230326330323430373536
63313465386263363531306562373936386331616238363864363461626563333061
