$ANSIBLE_VAULT;1.1;AES256
34333533616631353933346238636361393562393830353339303065633231333837303237343534
3165393163363339663537353534313337626361306537360a636363383233613865313066613638
32636436313631333563633963343334313930393035383730663733653335656463623865633239
3465326631353533320a333232353833323866326435663639376430336231646134383535323163
65316634373933643439623161383539666237363266336435353964393664313161316436643433
63353534303666353533626134353731646438653236323363353735613833323965633963323331
38343237663734663233366133643961613461643036373132623134366566376166616435346262
33326233646465313365646236333439633935613232316663363739666534326133336461366462
36613231623932636330656137343935383265386530663534303962383863383462336636396631
35306465323434386561393934656635633164353031316163333164376462633634306462346130
31643731323563343262666361376461633062653538313536633063363939666462616363333137
37336663653737373962643063373463376537353130323165383261306435643062303166396164
62316333636237656137666134653764333732626331636462646638306433333737363030363563
31626161353431393061613334373662656333646234353761343733646438373265326531333633
65313836613662613364383334383433303233396465623866663133376365346632363231303037
39613066623339326434646661333131316464383261313338656362343330616264393162393562
30333566346563333737356434323937393833393462323534363265653665656465636261313239
64326439326461653631373363333539636462353432313738373236386231656135313934623134
64336533633132326137343164306138356631326130336132633934653662643063383462633730
30343936323434376166653639333263613963306231376231623061643738333733373565633865
36306438393666396533353563653162343933356361386165333132303737623861633839393864
61633463623133393132316437623033623332303532343038306265326436343534626335376566
39626264643361643532666361333737386633326234623963613538623237373233323134336261
36633635366237366333323639613835393039343463643062353266653733636365623534346236
65323839306264353338663330393434326363356333376631353939626162353435376135666564
32363530313261303961393766336531643732346563666637636332336335616135303364373630
31646238393163616566653064626564613835636439336261373238393432353536303938653566
33396632373230336666313431303263666132363864633437656461323439353665656537623633
38346633313933653165386364363736316138353262653435363231383161616634663034363635
38643735646562306430393639303137303732663533363466616163636235376661313231663565
64643661623562393939333964613934343533336665363761646535653036663030636234613361
37633665376637383666636237646639313638646364643665626236353766356134313130373933
64623637646666646138316338663432616162333039396133366161653636363831396666303463
36393033323366363739396163643431623239346165613262626463353466623164643966626131
35373131303636333862356332666336326264363033343834373863343030643034393133663739
62613733306131613334666331306636326565613064333164363036316461656533313631313439
61656631623838333038363832383866316435356637343364656532346231343265626532623336
61623838323634376462636535303861343233313236613632343638363832363464623531393438
36643035656331373830353566653765653538316135373239306636363739373733613437343662
30366365623630323539333863383765313430646662316538316266626338303334616239353433
34393739316637356235653239356262383464663632373435643134383035626161316433346466
32306136306334343566616161623136336365643764363861366436306631643563316533373936
35343331646362393337383732646630626264383139623838343338626137633131643339656539
36366362366263346564373464376465626161343962636233656132383838666639616238646236
62363731633836343037316138303030336365636238626165386238656466353937396139623934
30306534323961643565396464656339303165623732386138313330373561326161656534303236
66623039353764366638666530383938346565623839623263393063333532353164356366663362
33643238653136353561363761343131363266616235386335653435333632363830346664666332
64323538376131663565303734343666626263623366363234383866303833346463633135336435
65653936653930336264336637303734306239333933653661633132333739613834383235373163
64353039653636663532333033616565306466323338633435323530313139663338663339643363
66653765633430653765326138656133383330386230353662323238323538636362663535306533
63383036663037396333373865303434616339373761303539383130353463326636666332616664
33373264373962333564303031653139303064336633333633333266353237626665623966613537
37396231343439363931333031653831656665383534306366643836613662663130313831356566
34383366633031653932643131306636366461333532653535373964343335363761336565616131
37393335653363333564336262633737313663383863333261613061653662623336653330346535
31646437386366313564306435376564616532623134626634633566633536363731666464383965
66323365346336303165306139386165373339663436656130666464663939653665656232643530
61616135636434356334306665353231336433313230353134663435306334656537646666626433
34623864393539343536366330623135623063633635663466636466353839313930613961653034
62343362663134643937303638623563306233386364626339386361623861376536333431333432
61643564663233656261633362303262323633323865323934643432306132613462343531616131
31353434623862326464313233343237353362353034636564316236393761656436386631386231
38616634393530316562353038633634626138666564363639653861623861306466303164666265
30396331363130356331633931353536626430663830343935663332353734306635636631383531
30336435383535356662666564626564613532613763343636636431633034626639613433343539
32323634313239656231653132633532613332323330383435333961356162373139393937663633
39343861643365626333323437363461323235666132613532323261313761616461636137303164
62363366666238393738303532316261343864396461333338333861353032643761323561346566
63326639343233323061376166323662656564643565663134653230626435303436396163303962
33393133656138303738613938653537333031303830326263303266333937626236656361623134
32653439646162353636376363666165333632313463616265323235386239656264616131366630
63316461636564323132613939376463343337316264383834333766636633363466376338633931
31653066393464383266326666346561396166633838643134303230343763363331623663613136
30326330663964343432346561316666333337613139653931613966343266653538396531393232
35316564376666623036373239333865363737663831346135343532316436316261393234363737
66363631343862666536383033343266613063643239623366333264326139336332626662626633
30396639666262373030353166666337616131383031356666396633626235383635306632393932
64363364643438343662616338613363306664383030626564383735373165316534666234376637
63326137383539383334643838343737393638626462373935373638366139393037626165383135
30616636616531316633366231646233343965373030666661666133653365616531353734333238
62666564343364363036373165646461373064633835313031616131343431313962306464316637
34353537313530366335336635636239366663363038613133643134303563313333346139386664
66396332373235333131353666633232636130383330346161643831393339313432326132613561
30333237323839323435623139313633663262333938343636313635656661653938366661336230
63646336666366633865306634366532656437633430646262333130356661633131376364336365
62386433386638626234353732373535306462656239373465333963363565653833666639326464
62353262643431383738626465613165393965396231373265393537363263396338316339663639
31363034363033626563383035373638376261323631333832383161353565623738613236323030
63613662623439643034323239396333343732646133306232313137393136363164626533633638
62383532393136393864343037303637663439663836663365366333353163346564303361353439
37356531336265653232313361393663373037373131326561663063366365356134363638366539
62623332363836323331363432386536306266333131643861316333326136623363313064346238
66386133393064616664653537636534383536386236643266313737353830316666366236336539
33663466643334613162386161613337636365343136626535376566643336636432626330353238
32326130386435353966336534326539656238333831396361373531383538663231626365323231
36316166316162616565623530643733313432356566646665633562633836626430306238336535
38663831626366333363633937373730636239316666633237376434353331376334323839323434
62393032636665323362343438333462376239336237346565303731646237313437313962306564
66646336653230396366323536393039623633633961333066313734363631356465653237316632
64386131636134326330623762633131373333396533373435663239323261656139363162376365
34653163656364303439643832383633613266353630663061613261353264383035306466643332
61653831373337633133636632633832366566663665336262616465376461303338303539643539
30643338386464393738323038623962313265353364346162396565663637633564386261366665
64316663626332663864363232396537643930646434333532313662393137653635303831653538
63346430343265323532363833363836363932393232313337623235323133396334613636353865
33353563343731393933353034646365316664346335353965366138653435646539333365323734
35643332366466666638313566646561396632666237643463393733313935353735326633373537
38306635633438363362303766313263343434383735303232393739646664366631633863326461
34393830363335656661646434393037313565353361616363636537633064353831336135666438
33303130353064393933396530303236653230623334333634643465353366353465366664326239
31343265333638383863383133313437303633396632653066653831303463643361666539346265
35623163306435613131613262386566653963636133623537313362623139656265633764316430
39373161363862626230643633366136653839396463666436613361303765613032396534316361
66323136323362393362643665646132643932656131303135373230373238643036346332393462
62333430316361316132376435363734643263646235366234613034306536643038633132646230
36396231646138623034316432613333643837666239663535316332336533653537393635326334
35616331613636653932616165303432303232656236306363393961643138633965646534626430
38376463353834613065666338643062323134333134336262313732366637393333623662393662
63386564316637386332313135323537646230316163666665366265396631346664363939323832
35316262313965643634613833646639306337633435646561303731323634653564643339346163
34653434653934666631383833343435393865333838313630336663313838613036313830646131
33663331356531616263383162326634306531306364623331343139666231353665316361326364
38353333383538313731386434636633366133353338353534383034393736663330626538373835
61616237623937313935666462646535356563396634373230326262303234373032393065303162
32613864646266313937623631356531653962396138386536383063666639666338366132336464
63393339323330386362613064333761373339616639393961653566623238623938366237616264
31393633656561366632313761363531613537376235313466656132383237333538336562643864
61653039616634643164346331373564386236396435323764663839626233386235346339636363
66613135366565616135376431303435623136396538346131383031303761313036373961613138
33616237336238623561666334323233306130613733333035663334373537653330323738613565
38346565636631323437646435396661666135303162396536653664393061356261643136306534
61313361636437643865616263663835633138303134613539663333623566343764323632313465
62653939333364363063333738636336306433633366613062343833383839626334613336336330
35646130333233616264313236303237363262346261663132363965373563663864303037623635
63363530666132346262383838323232636161626661643263653833383164306564373030666466
31393264356230393938646531343531656532643962643537633237663666373864626466356339
39393237616437363233373761363031386232343462383333616333626131363435663139306134
30666232633263633039373930323938323861646362303664636230386161633361643761323639
65383961636536613263346435656461303337376166366263333630616361333465643665653139
63316561303238366637353564643762333962623636653035636432633566353230316335323961
65646462353266313637636632626261373961643361386237306264323264623666663835313938
37326265313862396664663439656162666662336330646636373130323163306231623964623930
38373261643936316535646632396664336362356361323034323530396266356430356238356163
66646265623532343665316336343962633832313638316632613835646636343839633135306532
33643736333834316438646264646530643130613662366330386264316262356536303631376633
31333065633736613730393861326631663437646632643165316564613165333333633866623533
38353864633939616165333366393338353965343332336231616538343732323535393833313466
39373761373832303366636335346339346134643838666130383961396365396366333065663539
33316131323536623463613366323062383533396439636431636235336266343737363730636264
34346131303931663564353366363836353264386438643866653463613064636336326337653133
31393338363838313633383064343964373236663430353062666337346336343633353866626131
65623633613033363131333234613538636537393438333865366531356661353862623361373066
38663364643837666139623634656432306134666163316165383130643363356233313134303737
65663734323430336333623361333537633238386362373731373234636236383062633333656165
37636663333236623735333038303365396639633037663336633136393861636539643962363164
62313161626363363937633831323463356136666434306533303933323534613433336639373130
61353362323138633233623239383936313938383835643434663163386634303935356131343434
34356439636664656361373737653638396233346632333431663563313761333039333134636462
39616264346565616431303134663264316135373533623461303035353530383734346131666537
64333633353565653033353466363963666435656566376439306334343832623431643863313138
35336235393764616437326234653038343839633335663361343265366562383830373831353463
32346638396330626364363832373339353366393334333534653637313239613562386566666366
63313062346464623766653962323065323033663532376638356132323261653536623438356332
35343433336537653234373130643733326334643033313234323961353332313537633364336435
64376632343938376265616437303061623961303831373965623530663636346332306138313635
65313931383666643332343332323738666632633362666132376364326237326166386631616265
64353964646662313739393163303731613433316366323730343938323264626330306238376230
66326565323934346631633631323531373731383237393365646235646537313431353263323638
39653063633339363836636436366563343362626464623037646631313463643063366536353531
37623839653932313936616139396665323666353131643038343565666262656234393363653731
38376664643766373235636337333935326437656662633232623834616631376666373232613066
34313761363665306138343935333265613835373765353737396236366433653964333536386131
38323061363732303630663138643365656632396533346663653035383262323262343732346564
33396431383834653663386362353666343938383664323237333539666638366337356561323166
61353431373334326364663432653362626335656562373766396235653564313666316530356363
32646134376539383361313939613236643631656236366262393330313463343731393834336232
62396531333034383030363862653836356362666564336330623766316461323864386466363835
35346666646564613133653932356434323232323062653363353137616635613563393364313432
63313034636439663465363939346530623264333661363732303163646238373732626637323062
38616165353366343833376133666535643366626638366639383634623064646565323937663739
63396562366532343736323039363931393462333639386262343161303031313861613330333638
65386334623437613462666231336461656562633538653532616362386262393566643533393462
66386638323962316563303238663432393566343366353861393465663364653230653339616563
30386665656635643133376463306336636165383936366232303930383761343466626430646634
64626362333466346332646262616632363833323535363639303136663239383562323463623235
64323864326533333930613236386236383934383734313032303663663032623637316638663433
33383265373434653239393933643032653634383139386337353639366239366665643938633733
63623138626237363930613764346337373932346533643036386161393036386432316564303161
33313963313063613463646530336430316230383033313834633136653563643464646432376465
35323934353639643936336138363235316364396266333662616634636466363535623137373766
37393439633932373131623566343930323437353239663433613265333637316465353661366563
61643064396538636531393630326366633862626339376363633033373663633434343938613430
38616131383266626161353264396266343135303835653137663436363031363837643832306537
66356530633665326461383765633231386434316332306233356162396137376265663664346263
34646566353334306331343465323633623264626366626637646530346432323439663231373631
37643766326639303937336263306430313936346438396264386266336437343436653338623331
32353236376462633366303662383635623034323264643134336534343738363136333738346638
34623532383462626265613932373933303437363463386336666332633032326261356439353939
36366233643863626439386537616635346131396133663835346365383233393839633436626264
30636230613139626366623832666531316562643731353862313432356261353564383866336136
32616265333838336132373237633231356361363337323732383938366139366236333532363634
61643234363335373766623164653638323234333566396464323331396434343232373733356361
39393432383538326262363733643366376466646565333530316430616263343339643337356333
31373537306333383832346363663839373861373337613239386666326266353233383362323732
64623138643232323731623833383332306234666537323433616339333837633834386363366465
61356637616634323261346231393965373566653239333233313133663766316538366266363239
35356461376564616332633834313064303830376239666435393135353535323834336635376465
31336439643966303463343765363431343833373963383433623765313361363634383962393235
36626365306436396165636534326666633066353066396461373733653662613962346662666534
36613139376139376463666163303664336366636661313262626564396465306165343430623962
66313430363138663537323638366334343265663039663661626262356238373234373335653930
37306538366239346538373462386264386263346363333232316331316439626466666237333232
30643730326639373435343362666264343962386330346366653363303831393637336666303034
61396434393365613031356335396663323138363933313034663637336163623433323233623762
31323366386330386230616163373235633833633539346435373333636633303332333033633935
35306166356462656138623136313964626336393536373935623566323661663034613866323630
32343761353066393939613162616334633039646234653937346464666639396632633339663463
35646435326164656332323838306232303636633130623839356565343530383238346234363463
38346336333162316138396336313239336362656535623462366431303138383136333132396537
36613266323366323138636335663663343066633032346135383363346534353339376132643639
37323062363162623438323461366261306636643062336333396131663862313931663366333864
37623733343163383536383462306437363136643338653636636134306130393930353133363137
31663037386434646163653737653637373964333765393862326639363835373561316433326537
38663430356666613234393665333663636139393236663934393433306365663764623632636239
39303232313764653630336463386266333533663930656635313365393334306163303538343866
63386231643765663434666632353631313936623333383963626135306662643233393664373131
62346461333636613763383235363366373633636537356564303365616238663434363034646635
39393266356338343235383564656132373635616136643339346336313465646266626131396134
37636563616161336531393362303863396336353939306332313266633063326362623262306532
66356463666336353638386238303537306133323437396538653366313132613435366630373363
66643537656135303032383439313237303961373762623762663534343432303432363433386238
35653366303431326164363263616562636463306264373839326462306536313066666362313632
63343330393136633235633230333831636137653136376236336333633637383535666338343736
38643332373634383436636434613861633562616137323066396566313163623931373132386334
63396235313735653230376133653937643833656361303630323232393762363965333635366364
38376532366236643832396337663264373737333437343635613638633636353235653661303135
39636237306430646164333139663432316138613336306130373836366232323732336631326161
31383163386133653537343136636365303035373463346431346333616638376264623936646435
39336562373935383636336233396230393535613765363430373930383736373961616362346466
35663865643262313561356532653438636535333338363139383163333632316663366133303662
61323736353232323736383762363939656263386238643563343665353434376538346432653936
66646162306235316333666333386561333130646137383363383465343962303737626536613564
31633365323836303036306237393663616334643161363735633638653836393137613135616262
32643664623561356664663766646239613937613836343735373661313064653663376333343433
63396265303263376538313132393862326466336631623437393062663166643164623461333433
64393039313261366466343633323638323839316163653039333064363330343734623663343762
64313038633761366165656435353032383534626130306235613633633332666532643531306331
32323832306136373162633232643164366338353865323965383831313531353461613665623563
34616235633361303836633734353835303939336336656161363630336134643161323437313837
37303963353663336439323965393534633331656333373766336337393435333865613933326330
30376131313836656266626237633831303065393866306630646533646537613063663537336639
61656332326663323862386466623864616564653033346333623663666466613563346432636163
30376630616462353633313436613539353930626431303861616231653930316331366565303865
33643362643232633831366365653564326439643862306131613237363538343432656435383631
35626139393366313837643231663539323966323565336330333432336535656234663935663563
37316139376631316465623036303464383234623738393535653666333061396465396262636437
38396130666334663339313131613333353238613633376131663538633030366564623737666636
38353662643230326364626261386430373064323866633365633734373634666530393730386162
66353630643334363466313532356137663934356666356263626536633166393363636236383036
65643838376235626266323161333736306466303231613434343234303061383435303862363061
39396233663365663630386137636465343636303666366662343766656631346638643665393261
63366664383037323865643237363737663665313164633163373864363534396235383039383063
32363066666662353535336362303037626564373331313331643065323264366331303266316636
35366339353763303362336662353937303130636430353434646435313031316530393662663731
66326163363836383632646666306430383438616234613837636264373638643639646236633839
61643733366438623665376132336539636238383831396334343231653266356666383635366365
36396364666462383338376630353233383066303735643465626163303262346261623036336237
30626632386630316238643566393165306235316538636362633231616162373062643531316465
65323836383436636563356562363064386164653566613936623636303631373334666637306331
36376436333134626564346134636164366661633431663865633139653362626161363661373631
63643462376530336239303031643766353163336538393737303533333838313238653062353962
64353962666332653562303566376231323364363433316531633834396637346564323336353938
61353330376465623733353736623338303437653030353939303963656530333834383136663436
63346130653732623232386566333838373634386131376630323664633238636235613263333432
62613038373261616130643937626165313831653633636230303164323930326237646239396130
61663466613237313831373733326164393265373462373562653139326262663834353339313962
62303336323565396565326636326332346331373364343937663262653836333037356565356438
31666262346338346366666163383839353938353338363337363237623031386230666235373135
62653065333932613663333563323233303033633333393030303363643734306163633562376463
33663664616131356265336166623832393339383161623130663134386364633461663530653237
32613863393635666436343432303332666364346263303539356666366231666463636261363561
31353738646636643436303632363261633739346233663331646331373739356635613131626638
65383331393466633562303263323332343939336437393335346233646432376162316163633534
36316465353166373432383630633437383663303634623439363531306632323632373731313061
64396339363135373735353564366465616131653365386338316165626635633266376638346237
37633833656236663832333032633763663631336434313262623563346461333465326563386134
64666139353065623261613933643465616133373631666464643234393336333536363937636337
36623430636466323364613435646365346639613436333337663636613063313337343331653938
64306631313237376164636535306431656530346438616463383731616465343535633738313361
30356231326332336564643636343962363330363661613265386566616230376133663532363336
63636233306639386464656530646136333334636133353663653364636363363631663163383432
36303163303762333164316238353334386639343937323233643338663931363834666637656632
61653132323933376264386664333630343133346533646431326531303662623833646532383239
62653061303862323437663866393839666430373231323739356238363261323232393262643131
65356237303765306137346433393839356265383032383131316331666633633539373332613965
61336432346332343665343263363739303062633834656136613163396633343134353231356430
31373634393136623037383037636534393064656265363763663133363035313239636537613237
61333137393162653861636238626364633439633466393636356132363234663738633731626230
61663836623138316337356433656566643139663961326335663266643238326366663930393636
33626639653339616235653436646262636635383434663635396235333433383065656563626334
61396466666236303231343838363565373664343565313661643131383566333436306235376634
39396266653631323837303161663236353739666130343066623863616531383736383764356134
38666239636133333935663639393836643363623932623161653432633333666236316261336338
38396266646566626337353438353362333438623066633863343962643639333832643639663764
65373264303832383561623565613265313865656563646332386165353465326231303434373132
38393432626435633661356135386437613134643630353062653737666136343634366263633135
63333465373934386262346333383536653936316534303639333932313032386337363061393132
31363335383335376438653831623162616330376639623333626366313635356532663065663535
65356465383430323135383364313364373463663062623163613631373061313364306537396631
37393939373839626565343431366635373335653533353336316130663336366332643433653537
34386337343132663731653762333063366435616537323565393464343539376536396237623063
39623235653931336437383538303338336464396665313830616437356437343239653732363234
66373861363566363239636238613333396539323637633966363665656130346138373533376461
61366665316438363831313437333332663430303434613365303033323939323764343764666333
31663861633366656339313633333039666135396339303135323034336538336236383135383063
35346137326135383437333133623433383961633033343764333766303633326636323831376339
36353331353239663962613634393338643634366437323066376435386434343438616563303639
64623134336432316639363565666134343632303931613237653037303534666331346564383231
65356431313165353862633966333737383063623464633438626232366335643563626565636432
37386530633665306561393338633561626537373265323664326236616666653134353036333262
64343836343938616232646534333537643336306531663732313463646639303638323433376231
61613336666164353436653437366331633962613638666166646330323562633831356266323837
38336431356136616432303137316338343434616535643130346433343233393338336531333966
31343566303565383764326161646161356261636262346262323639623761623533666634336366
38396163323531383563653732616566633861383237333862636266666261623230306361363531
63386439336532363965666165363630636435303939646563653333313832313661363763336339
61653736643461633161653136323236396336303936633032393338366662323863626134656334
66666536313935623366646437616566313239656431383433333631316433656136663466316562
36386564336333636665346537613833363137653266613037633364323861633936343733646435
34393332313737656266336633636266373630653731303539376161643761656132303536636235
34623361353564386265633639333433396336366630353231336536376261363936393432376533
66333235626435663763323265623064336564633762323132393436613137666230656138333033
62333536636462363734656639333738323037326664613464313366393666376138663437353461
31643261356265633737646239643436313935636665353030326338363337633832333363366564
63326333326461613639393432336661393064353966346536343933616563346363353938643135
30353164303662613664326132356538393530663733303332623364373235633533323161326431
62303063396537303835333737663562323565343664323337616336396239626630316338363239
64646139383331376161623762376538663736363637326164653637643261323033376435336462
65306637353366646636323137383930336338306238343466393533393133333730333261663734
61626339313533663761643135613332633538313632656339326265626263376562623232353762
64393062663433366535316636303432623335303232306631366136383138646338333933613039
35336530313932316264343831303631323231383863363632633939323164313161373866343761
61623866383330356166323561663137303663373964383532373933326134363539353934383364
62656537313765336135626539343037633264323632343663633565326463636535393139663430
35383463303164366261323139633666346532366239373039366230666166316664633466656363
34363430666530313536316465313636363262393230346333613631366638666661643765333237
32313064323062366665326462393961633130316565656165393038323862303962323630663738
62393033633938306261363331643335653537326533653339633433623030303235393937643934
64393437313834333538353462333763643534353038336335633831646635323631386636386464
33326465336634616337613732356566343962353031633163373432383637336331613665386635
36613431363332626134363965313832373733633261323732363432386432323163633665333861
64386635306337666265663833383031353164313938373565333632666635643638356465336634
32323239613464306462366465623931633234363363343238616565643762653439313461653433
32326638663563353934363066613235353835396366396235386339656138626163313638313565
61373863396632326330303730633664343938336666613031303761666337323566333430326536
62346233393734613335363334363534323032323931633339323365333332346438653031316439
39303934363132663663326139363430363035636630383635326161306531353434663536653831
38326263323831333734353862623561383831373639326438623530656336613339613335386534
64616566653965333136303339323632313062663033313032356262633637623362383164373737
30383930646635633832313662303537353030336564653532376665336339333165333534386236
35623337326239666538373463666435306266313861616132393835626537616633303334643366
35306537663134363631323133313535326264333963383466363465303532633030366634376639
64643539343065326630666661353832373962643836343263343562383265666232393561326639
62313239643761613038363837643333636336303266333538353730373932323631373230386233
63356531353731303333666336623535323032633338313063646265666336363262343034663563
39623139376232393764343131623738613761346266376561353832626666383834326339326233
31323562386437323836303361373631323630613630643235633833333665373936323538363662
37386466643631306362633062323437333938323130396639373466646634383231373234626564
33343936393539663965623637643462373663646262666562366561326365333361653963333332
38643938643463623532666531646365656433333762353161623130373862376365656161663030
65656132616539316136303030616161393864656131616136343338346164666230303539353836
31626337306430653931343565323731386234663336386537343863636533303861323266643966
30623964363463313031326533383061333935313030363133346435386262366334326332396561
30646432663134633932373166396331316233663961613431646132393933353439636530626361
64613730613163626263613066333831373439656561383964366230653539333064376537646566
64303138376231616237343539663234333632616431333466333936303637323033353430356334
33363461323336663066386439613634363363333230303462633435626466306533663834303966
64623462383264663036336535386136343736346234663062633533383336656231653936383162
38613032343738353666396566396139323962396537353266323630663331333663376431376662
61633165306633623339613564316337643134306434666239326235366363333137306565313635
39343037653465323461616239333261663463393262646335363565336438303430363831643634
34323631343239393362383564386631313531353336353764636331343839383936636135313139
64626362303366376633356435366464656138643032393331333936643333386433346430633634
37343533303731333035323862303133646334626465346136303261643132613165633130343335
64363263326131646465313663656630623364303239316361326337376537376236383138363862
34343039636432303834303761623931626132646434303332386530393932616363383866323738
62666436356466646265306361633532353866646437393463663261326631393134643166646630
35393233386662613432363162323838316532326163383538356130363434333232623262373331
63303135363562623530363935383461646635303464383730633735366632626164666435613030
30353766303430383435343935393164356461383931613733663661663834363563643734333033
66656231373366633934336430636164626165303834326466373335613433623432343364643934
65613162343339326439623065323066623364663762393432363264376337366239393461396366
32343938356439363764373530613133656464626631306166366237366338396639616231333435
39363963666666386331313066623035393934346562666130363134636130313435653162323739
35636235356536626336346230333236333132616261633533386636613035396236303733346237
34326634316461346630376132643137663130663936393765326563373439386632323635386363
33306133333233316233656137653233656137333735356536326162353961393466333838663566
37383361323563613536656337323237343831663635306533313763656537306233373830636231
65626230613962323664346231633663306237633439666133323534333930383465313134326637
39383765376566336263623638343838616261613166316163356336346362326237303536323962
37366338333166303263326436333335393463396261326239653732356234613635613837333562
37653531616238663064353033393630633233326362616335336164646564363066323939306337
65303965663464303634353735383333636662333938343861616533616235376638303263633661
35336432313361646131313637653036663266653839303437376334313931393764643062393836
65626239616164333464623463346137633136363337653337663965376363393430393666363762
61626637666330313034343234376432663062363533326136666237613433336438363830666639
65613139363935396665336163393166363762633838633737646461383630326131633638366534
34363435363865323861393863333932306332636466363035323462636234386337626263386262
32623136623332646635383834306332373761616439363131303165356461303030303961306137
65336466613761613738613330616333613866303265383265623037336430626633336230633032
33343132353730646635626439383630323966373563386138366630633735646636316638343462
62333163396161373537316530623736303366363564613733306238326339363663376634396234
34656164363339366639653362623334313166663363316137633363333464376631626337373061
65623463333535383566646432346433363564373565623234653239663238646538303466313361
62343933653836653465343636343966306131626466323039393565643462346462356530333631
36653761386563333335613831306339336364376132623739306232333161666235633935633966
35373363643631366165666133383437356437356139316437353962636365313539333130653231
34386335353330323062393661316433353235386533623235303630393064386463646432613366
33646331633562356339633036653431323631373163663833623466306130303732316463323562
34396264303232326362346536623632613066623339306433373136623236613630343834383965
62643232353331343664396664396233346235346133336337376163363736353739633535613739
62343265633430313465316532393562346532313063383939356138613738356261393130336363
39646631326530363630313731393535366465386533616364383666333238613862326539373539
33363764336366343032373066353234396566656637383962386336363636633034356536326436
31383132663563383035326133353264353038323132366365633133346563353234376466356430
62663032373437356230306433663639303431316166373363363066343862666266303962663330
36376165616536333163323039303666376133646131653262313366636664386134383734396636
61623966333635313565663130336662343963363263306566313034663539613265366561393266
66336638323932313066653963366432653061653333653164356132366537616265316535366137
36353364333661613065663933356362663834653165313036373736633936313733653035636432
66303936333738663865633162343036623539656263383362616436616437623333383266373730
62306361656665383530623039333132656561343139303838386238323638626362663336316237
38666139646434373835623161643734663131316161396461323463613666366233623737346232
38356436666561356533633230626134343732363365356163626636366639396663653433653931
32396639313665396463393037633838376434336164663339373238653339623936653030353133
37643864363162313165306634373132333266643065383033376361626666396465363466633366
32316166316239326630366532356539653563623163303632306337363265633836313062626531
33643338623666666133626534393033326632366664643633383236366266636139323164623637
39306363653361313461363461306632616631623437353838623138626462396630313062646634
61633838656537636634366236633164316566393831623462623766336339366232313637653631
36666630626635643465636666646331643534383937376639666566366661353232366636653163
64336166366564303433383630343330336130383962383830373930353735383232386366383230
31613165333639396330656339613531323165623939323062393132343933643966316231303739
32646463643266633337626265613033323561336237336666333763336631623261353362616131
38303931373731656133613531346334303733623362363637346535633062306633383162346538
62323065613737306537656438373438366261306162396166333333303934303865383238343262
33323732363364353930643266646633336236393365363537666462353031333838633363356136
39346466376534663337393436643865633736656231306335306463343430333263336432323638
30376432616164386662353239303239666263373135333065313865333763623933363864636435
65613930663662373663653963373735653662383366346536646263303465353066326564386365
35613963373063643161613164386565373031313866356136343835333832616336343537653538
31373634393137633739343135636632396465343062363030323633336530613764366331333137
61636333316163346165373038326138666261643632646163326532313137313662363136353162
32386234386631353265396538323064633839353132643262666264306266353438343839383035
64343136386437643966626139353731646132323361653237376262343463333265663933633930
32303335316462633532303938343232303734306230316530663262356433363130376335303535
31653437666637383035393936643936646436343265333064656464613563326563326563313331
38663338353164613963356430633230613730326539613938663561636362623861393238663337
35383763353734363835636435316233656362376363643435316666326161633962303464306463
36653431363662326334326362663231383166326135366539653662333065373962366664613963
61373362623236356263393361306339323763646233323462316233333832623538613166303230
35326566616338353761313237383630343133313733643739613930643065373661636333643730
37393133393738306538323332323938656637326163646433656332373463373139346536393937
31343636336132653739333134383865663363363234663664613630643166363134396166313364
64663965333237656665383538633837663938653139643631373431363239626364653437663065
61363235316130303661393863303532636565343562616634353139336665376139306538663730
34336130393439653363306163636631363632386234646461313437616634383966343830626464
38393664383335373965336230653765323735633138633235613963383138373531313031633164
37663062623562643936646339393739623939656437363937343630303830303662356532653037
64376534643633353562343862643439303736303038336331313238373939326162353866363635
33363761646439353564633934383134643536336136343239396631663133333064633838383134
66343033313263636433643766623734383066643262376538346336653731326433396636363431
65353436326331316132376230333163323833616264316564393533316630663237663162323034
31323737663031393464616333646564643939373263373031666236646238623239633661636561
61306230336561313665626363303137313134383837343730376437373738396438653734626236
33373035353161363437666632636463653434316366633036383263643864653433333338616365
61623537363935376431643133366263323031333530643335303637356436613431383961633430
66313766376131363830316130386437646438366132626236626136306666613438333536656638
33376539313763623337363733616163656335646238383064373132653564313161336635336434
37343933663461383239353761396137633134653939653337353639386631386132613666643239
39333836353036666539376132613532663134366630633431313536633664396564646633393630
39333534393063656239613264326264353139623162353434356236633532633335323339313464
65343065303635306562366437376566383834373765363739643833376635633734316334353035
39343361373864333963643465306633323765613030383333393933353466393338386339666534
35376662613161613036303666313462303838376361633566313238373130383466396162313966
31336463303932643732346633623564656663316464643637646661386538626134303361396266
33613039613131333762613438396637323036343763346431346430343834623061343135376564
38336631373535653662316133336164653439366666386661656632383231376163303737636235
64313239623430313931326362303634373033393935656438633263393534646663626662303766
31333235616563656638643931366133393063353935323936356133653935666665633930306630
33616336333266386565613436656263333331343238393762303934303962323864656435613834
35346666306134326332646332646537326663663366636530626362396661366336633436376161
38313335303163636562653437653135363934353364646166643135346239353665633762646638
38626464666361303835343861633663343635346130396135663363623766623535383164393837
31326436666535323830396435613165656635623266343762393864346132386263376463613766
38383236633131656536346435346638346463343264303835333833343733646363653636663065
35386435333538373862336333303132366265633231303833363131383437383366363061636533
65663365393432623465633232376366613739376261643035653135363662643137366265353863
61646433626636356565343731333232303536323363363136666461356266653038346331396533
35643034383362323165396239373464373330356439393764666138626236313437626438346466
38643836393763333130343336323032613862663161353030343034346439323464666530643861
32653464343332633564643030373034323438363965646531313730383266313866626363366534
36323964346530353233333164366639633533306462313264653039313331353961393431393637
65653130396534663335336263383162373432393634306665303432323031643534663465383936
63653535643136656463626131656265643761313839376261613234356234316432333166636364
34316437626535646336303837636363316630623235323563626139363837383463653737313130
30666632363165383065613362633163613333346636633064653131643236396136356666396135
32386330643265636563326263346463376237373466346263313132316163383330616464666537
30633762316333356363663233636432613464663362616537643265373630313532396339613536
32356536653631626635633730333161313438363666353063393338616434373639356562343864
62303038326264396335383662626564363634346562396533393236316635376234376532616538
38613936383135363364393132653663663334333063636231336531373766343138373031653530
66643038643930346261303037363737323134326331626565373434316262363833393762633435
33356239323965623431333031303564346330333665666264613161353862656239663534353861
30373236376630666636343565343634323866626166636132653934326237653964303666306437
33303738636264343162326562363834346437356635383530353362636632666237333238393863
35393865303836643839376464353531376636353039326433616633323735623936626366343535
66353932646533656439663433623961383063363533623439623833353964616135393038336635
33636634666532353932366564326163343939356638313333333261393566616437666139303432
34316531343634653631666330373933613432393838376665383032303235376631313630373433
36633937653935663332303761363034313236653465316132346436613436623933623466613265
35653363316163303337333261326334343934326462666233623331643835313335323031623838
35643637393162326663656432313765396532616265653435633433326538323333656532623635
39306633316531623434646465623334633735396436633833386430383232343163643165663733
62396532663330383630653233646466366333666662363766633161366237303439316334356337
34653532383263666333653665613161366330303935663839366264353931626466343564303431
33626330346134363062356162613039306662323766356236393161626565656137343538376233
32383036383537666236633838363434653062643166306139326465656131666631633966613963
65613063343262656633323265326662346266333232653232656433646463643437366535663938
35363434303261323131303834353265323564613061623233663232353338363562386533643631
33363639323564653837663164306437326632626137376232326265353263613465636162643463
35653461363934373864646630303130373337383138646437346230343531363936363431346262
37656635386333323465383434616261633232363765663533323436623061303963386363353461
62383339613637626238313433313365633433363633643761613264623439386238663035323462
61363862306366663834383131373433363130386462323135613730616566336538353938656666
33323130666665666363616562323265313766323435613833383635336562326439613230636539
30613736333732626263396462653762316539366264326432333038356664623931316636663339
31333937363133393631363638323033373561306438653839623932383665323237386334363936
65343634393935363138346637636162326331366435383864616533633961343764636639396439
36353037393862613563366132356465343763626239343732363762383765383739353461373431
32663132353530626338663165623738623661316234323466663033663931633337376330396137
30393364626639653431306530303630333936346632333062646162643430333565383239623765
62663662623333386161663938653863633965636639613762613630616331346232666562343337
61636336633336303135303430643961346666363964666137303366373536366533383966663262
39353563386332383464633038346230313839363632306538316436666230356665663035303032
61336266386239633933633065656462323263656537306632383631623036653266363033623163
65383332383361336638663164626231613439303236343831633933626564306136346435393330
63623132373036336137626232336134313661356532653533313863663339616537346163373835
65313036343730393333613238393133663663353961623136353134393634393932396563343532
33646537663038326536303139333537303561633063396330646534626332323565373132383730
38393363303166613735306230306439666435336261313036346566353737353064386166656438
31336135636430353430643061643635373132613430363333303533613966666164313736623163
31666638626366313539383634393932343734383062666663643438646336366238613533393030
38353266373630666638373139663533303263383036326431323536376364316437313137343465
30373763363736633464363639656265353130336364353961626333376331396137303234383136
33306335313534363232306463393864646333666330663634343138303630353336353332306234
39613537376162643832653064386333396537643235353831643138623562393837396139396630
37643630626431306366646233653631346661636638346232383866383831626235396131646535
33396338643530323666313130386464363033396535366462653238306361346366386165383664
63656166666535383234386439326633663732666638313461353438353938333766353338346333
66636335316364343835333262326466326234383463663333623039383833346237323863646235
64373938383838626238646238373433373639373165393038353832363465656637333763363865
31346561306332643730616638633466396432626335316166323763373432316331373965656133
66336161303231363134616266346463626136613234646131613766323065323439306561316133
61313532656331393065336334623134663364333466613366316439336536636335366436386163
66313462343330366336663536303630303866396266386565363438613966646535653434343937
33373935303264393431366234353138396562633937306666373731366262343962396534373632
39396131316636633233393163386338393238373963373238373565653431626333346466663761
32373234626463646332383733353763323930613533653662633163383433663338373736313762
64326136656265626634616338653630313363613863623962396137656661376162376335343030
33653836353835326562613137343737363862613466393233393534666432373438386339373963
65323339353635643130303636326261383465393864383361333235633439386131646334333063
31343861626262396239326131616230383131373234333731333530643139356461626436626162
34333266373132633962333831646131393933303032613066356135396432376461613466306264
34623731326430373638333662343331616339306665616235646565646334306664633763656634
39326630666361653535303063373538366164303862343139663737666239643061666538396430
35313639613537343030383861646431616637626233303162323834333133306230653438623833
65633062663066646464373031656135613166303435623938323835396663346535376534333433
65613964396339326166663836623963343935643438616435366163316633343266626336323531
32626535623737656237356461326538376638626566653565646436363938333338663434313331
64323265333030333938343032373236356330343038376635333666346139333564393435303161
35653335663539613731663764626139353965366236396265353732366535313836323431633062
61666138313731633562613163306466633164356366653135336432316663613664383530373932
35313439643963336636363532396235633335346330396139633565356431343066636433383134
36613734623466616334376263393334383065633432643034346331653636306337666663616638
37626431613564343834666633343761663338313965346632663030633533383332613562383663
39623362653966653064396435643832666663336138393037616631666234313234393466313366
36653234383530343538613865386336613035353237656464373232363964656139653033633939
30613064636237343337653338303530633634353038316166343936613333376435653930343963
64303139343666316162626531653366666637666539343737613561383739376332306138646331
65393866623430613136663738306636663030383163383865323066636530396464326465343135
39656539636239623237616334386231633332303964623430663837383434313336353431386334
63323538363435666363313730333835356336343231363238313063663965633934373332303265
63386233376330653935313663346636303133356332336235336432313633313764316539386131
62356431646361326531373231306164396365363736376364353966646531333363653239623735
64643266363366653564323364666363613939623336343262346164653031616662396234623566
35303130303635353530633163316432653434343039616431363765343339306433646465643035
36656635623630313563376638653639313534346132383465383463366363663961623861666430
34643563656438376132373632383734396237663463306463373736363936343662616136363366
66363930353764656232366363636633316562376166333832373062316133633932626635363538
36353738636235666262356161313337343134366137656365303865356334373832353363356636
39646264626333333133613165663963336163653563633936393335396464663231393362373865
65373433353636616565653761356338646434623138383062663563323261333630643861373934
37636165333438393661303337326535303737616362373265323431353938316335626564323932
39323134376338326239336535373266303433613166623030396432636130333633656434383166
66613732613965353234323561346164376431663235343039383437306435313961346136396162
37363634633830623832623164653336633366343939316663663762373637616137646263633461
30646463666439643632616333626638666539366166343064623832636165393139346138376162
37303436376134343766333836656365633235336132376464386663386434386332643766363230
39323136346463626436356333633763333336386634333764346135343534616530346234313337
35633963366132666135623934636466623461376166353538366235376661353531366262383162
65316535663164613932643331626465343432643763363964633130653637386437396432663866
38663531623263663061373765356664343431333037663062626433623134363038633935633638
31303165316135633334663034633337316431363063646363393566343664313566353865303730
32326536373466383234336331336261303030356164633866376166383764633039666661326563
63646264373838333563323930663437353732323164356233623763336235643439363664323265
63386536326166376562373262393532356633316663303632633735343163666432633333336239
62323033326361343531383763656363316562626366336164376232363937653031623762323933
34646536616663613333393530366432336136346438333938353332613530306565363633313335
62343932363261306661316333336661613234353065356631383030396632323264343639316365
30333436663333653132353362363738653065363932613036656235396566643263306561373433
38653732316263353932323236313638303064633531353261333239343563313630643261336663
38663466343032666232383838313334643763313730663330343661663936383731613663646638
39646163323361396266363066616533323938646530633331346565656237653839303630336161
65653430663336346436343735393930333161303931356262323932316432326238326562383932
62313861323461363735646338393036383836646430363434336637316130663963646664316663
32356533626131616534636638613661383766373464326433656264333364316431623539366637
31633465396265373230336664636335646365353961373033306639636232376163326235336333
30376331666331353038623230363363666433393330646332393434323062636639633037613536
30356165333438316463656331343436626462323939386135626633333561333261336230336663
62613266383039616464666238653632613032616630636636626638366663616139383061623662
33633431366438366666633238376361636638626238616232666532393734333137623966393733
37616634663438643665303136613933643234396233333335633366343362353962323764373538
38326338326162386363613039336337653036393131346466333136336137386464663832636665
35393930653965386262393437383561653538346630396239643563343434643866333762346531
35393762626339303130663931343538323437333137343036663538393530663866386336613635
36323466346466326566323337653938396665613639643834636137313365356164633632383562
36346561346631646330643734616634336464356330626333653764653866376438373166373766
31383337366562333638363563663530386166363137656437383231363132373963386230663465
61373438633132613062373231366564343030653362613238306432393435353937366464613637
36626633393731333463353863333266386235646461363234646161366139376665666664393733
38313262306531366463396166336566396337313138373535663539336136326266626538323264
35383632666639313962363830363461353461653763323866323739626465653332383132306633
37353266376164336237666134663732343437343133346462313735323830373862616139663532
31333434643861333835396633343538383036346431663231643566393863383935646331386162
64353236316534313064653930396562393231303238353536626135313364623239373366663335
6530
